1.7196087539039297e-30    30478.109774549215
1.911863869314222e-30    30121.098337450978
2.002249367959969e-30    29762.231708824176
2.2093306012962624e-30    29409.987961357867
2.3353727207305913e-30    29069.954414349322
2.5592644534128502e-30    28746.063120335577
2.7219593360648363e-30    28439.779327676293
2.96787579174065e-30    28152.32039017121
3.169213537589671e-30    27883.45981725869
3.4426826180602114e-30    27633.140864049354
3.6856565307360934e-30    27400.485997627675
3.992620622250303e-30    27184.859111533966
4.281212983265274e-30    26985.16631102503
4.62812872924967e-30    26800.524544797787
4.967338535241721e-30    26629.802695914
5.361318041025264e-30    26472.03342990062
5.757234025041494e-30    26326.12519912089
6.2062137875671724e-30    26191.112176175993
6.66612432631152e-30    26065.97964114774
7.179054273405454e-30    25949.813150577178
7.71158812627361e-30    25841.695801681068
8.298637635636397e-30    25740.795008008245
8.913932509012125e-30    25646.303528551834
9.586713965387705e-30    25557.487776502247
1.0296613315246845e-29    25473.654698824288
1.1068426655653415e-29    25394.17678733867
1.1886707122101563e-29    25318.473747150158
1.2772809948101827e-29    25246.023458835414
1.3715443446520874e-29    25176.35186330662
1.4733353133316276e-29    25109.035762028292
1.581880925330177e-29    25043.69722186462
1.6988644058816268e-29    24980.001880337655
1.823823890852324e-29    24917.65580094915
1.9583105504274927e-29    24856.401531431173
2.102140394341294e-29    24796.016289018087
2.2567839465142555e-29    24736.307117527806
2.4223118562901466e-29    24677.10980964256
2.6001596096619644e-29    24618.28393877699
2.79063787192025e-29    24559.712210527225
2.995188618681189e-29    24501.29579118413
3.2143554895297865e-29    24442.95393030553
3.449625858439175e-29    24384.619791983012
3.7017761503673733e-29    24326.24026650071
3.972376698925491e-29    24267.77238186104
4.262442898953636e-29    24209.183259015008
4.5736653918669807e-29    24150.44710648945
4.907310834017589e-29    24091.545289617927
5.265228350484504e-29    24032.463869461586
5.648954177487478e-29    23973.19376226227
6.06053591066727e-29    23913.728762390703
6.501803797546643e-29    23854.065769709534
6.975046658598266e-29    23794.203227331313
7.482419537134647e-29    23734.14139493128
8.0264989552085e-29    23673.881131051185
8.609802273904194e-29    23613.42419127932
9.235244890961421e-29    23552.77228882677
9.905751265839648e-29    23491.927398530144
1.0624632552859188e-28    23430.891036510773
1.1395272996663208e-28    23369.664554154206
1.2221443144922563e-28    23308.248586390077
1.3107048375958602e-28    23246.64332379418
1.4056390101093946e-28    23184.84808829223
1.5073965669295699e-28    23122.861575823143
1.6164687726498324e-28    23060.68152725791
1.733372674493247e-28    22998.304938218727
1.8586696845585533e-28    22935.727801217057
1.9929533786739927e-28    22872.94528298729
2.1368653972549527e-28    22809.95152110679
2.291086193958144e-28    22746.73977256786
2.456348786016521e-28    22683.30225457639
2.6334319382284178e-28    22619.63027130346
2.8231721560197264e-28    22555.714094590705
3.0264588273563252e-28    22491.543079392737
3.2442447003806258e-28    22427.105586417558
3.4775424846407635e-28    22362.38910145276
3.7274338643257152e-28    22297.380209475512
3.9950669554447817e-28    22232.064739850644
4.281663636915319e-28    22166.427811351426
4.588517029792195e-28    22100.454035403574
4.916996524512631e-28    22034.12766518815
5.268544027553315e-28    21967.4329041076
5.64467544403056e-28    21900.354211111477
6.04697373935973e-28    21832.876782495565
6.477084706110035e-28    21764.987090370105
6.936703823622256e-28    21696.67363217996
7.427562825499452e-28    21627.92780729676
7.951405891766416e-28    21558.745054493866
8.50996192066285e-28    21489.126192230906
9.104904015901387e-28    21419.07907148961
9.737800996466729e-28    21348.620489621713
1.041005342079258e-27    21277.778431369396
1.1122818324016455e-27    21206.5945533242
1.1876917532852247e-27    21135.126888862193
1.2672735215317048e-27    21063.452591490597
1.3510104203183953e-27    20991.670532803924
1.4388191409337933e-27    20919.90339658222
1.5305389546403634e-27    20848.298869506772
1.625923273107054e-27    20777.029385631376
1.7246351139017777e-27    20706.289899139152
1.8262486396002358e-27    20636.293183402388
1.930258219347547e-27    20567.262398167397
2.0360961734251266e-27    20499.420997223613
2.1431587306504575e-27    20432.980565722835
2.250838545862719e-27    20368.127673894254
2.3585602688508173e-27    20305.011263309327
2.465814967243014e-27    20243.73220766612
2.572188806836761e-27    20184.33648742785
2.6773825807935094e-27    20126.81284622367
2.781220127639184e-27    20071.095047651106
2.8836459038988277e-27    20017.068093132595
2.9847134663523827e-27    19964.577226059984
3.0845678748718833e-27    19913.438311959733
3.1834250919349132e-27    19863.448268371092
3.281551265748753e-27    19814.39450897606
3.379243856542901e-27    19766.062758784537
3.476815892923035e-27    19718.242967739796
3.574583742178024e-27    19670.733346044464
3.672858392452034e-27    19623.342731128316
3.77193976840501e-27    19575.891591669846
3.872113594967544e-27    19528.211992956712
3.9736501642228554e-27    19480.146824868436
4.0768045428460044e-27    19431.54854436546
4.181817719034708e-27    19382.277631367277
4.288918404196806e-27    19332.200904086472
4.3983251781784726e-27    19281.189797748204
4.5102488538792065e-27    19229.118675633017
4.624894890190704e-27    19175.863218109036
4.7424658304080374e-27    19121.298918119268
4.863163676836296e-27    19065.299703253553
4.987192229669702e-27    19007.736699686462
5.1147593407752364e-27    18948.477154403467
5.246079128889445e-27    18887.3835346723
5.3813741212784865e-27    18824.312830054103
5.520877367860292e-27    18759.11608834831
5.6648344924889796e-27    18691.63822481266
5.8135057161500375e-27    18621.71814994072
5.967167808099054e-27    18549.18926652748
6.1261159830549435e-27    18473.880387808927
6.290665688550155e-27    18395.61712606119
6.4611542838254e-27    18314.22379139768
6.637942545246846e-27    18229.525824478555
6.821415989807375e-27    18141.35276153399
7.011985953211202e-27    18049.541697434463
7.210090419301292e-27    17953.94117179541
7.416194557011432e-27    17854.415358602964
7.630790987350795e-27    17750.848394030912
7.854399776479381e-27    17643.14863696995
8.087568220706955e-27    17531.252627014368
8.330870470606812e-27    17415.12849265827
8.584907105948852e-27    17294.77857165316
8.850304751082679e-27    17170.241039330114
9.12771586843673e-27    17041.590396953394
9.417818832049724e-27    16908.936747195825
9.721318408234983e-27    16772.423868744747
1.0038946719059043e-26    16632.226187972145
1.0371464770522874e-26    16488.544821573945
1.0719664568573304e-26    16341.602922320546
1.108437184547158e-26    16191.64059414239
1.1466449365970828e-26    16038.909651413524
1.186680078785979e-26    15883.668481518172
1.228637501336696e-26    15726.177234790335
1.2726170984604396e-26    15566.693517542644
1.3187242854548214e-26    15405.468709555349
1.367070549148773e-26    15242.744972941637
1.4177740264758664e-26    15078.752970151003
1.4709601089912292e-26    14913.71026793853
1.526762070639001e-26    14747.820373381597
1.58532171893871e-26    14581.27232733069
1.6467900692631924e-26    14414.24076945995
1.7113280442433517e-26    14246.88638555137
1.7791071996183536e-26    14079.356650248355
1.850310479622519e-26    13911.786785224454
1.9251330040225514e-26    13744.300862103353
2.00378289014861e-26    13577.012990012223
2.086482112072599e-26    13410.02853848615
2.173467399863726e-26    13243.445356684779
2.2649911805071464e-26    13077.35495920999
2.3613225624688838e-26    12911.84365684776
2.462748364422642e-26    12746.993617320933
2.5695741887091634e-26    12582.883846556655
2.6821255385025476e-26    12419.59108522994
2.800748977372311e-26    12257.190618498991
2.925813328171228e-26    12095.756999130706
3.057710907530868e-26    11935.364685718276
3.196858790277688e-26    11776.088598624998
3.3437000970430637e-26    11618.004596736859
3.498705296117191e-26    11461.189878232182
3.66237350914917e-26    11305.723308442995
3.835233807798284e-26    11151.685677609792
4.0178464866034666e-26    10999.159890954978
4.210804294596327e-26    10848.23109310555
4.414733606033736e-26    10698.98672850051
4.6302955077466406e-26    10551.516539080478
4.858186778310734e-26    10405.912500280887
5.0991407314413527e-26    10262.268696175459
5.35392789387123e-26    10120.681134539427
5.623356485588332e-26    9981.24750264682
5.908272668742405e-26    9844.066864775512
6.209560530057076e-26    9709.239302678834
6.528141761154276e-26    9576.865500683443
6.864975001244372e-26    9447.046277590198
7.221054807999069e-26    9319.882068172545
7.597410224649335e-26    9195.472357779661
7.995102915154991e-26    9073.915074335013
8.41522484427332e-26    8955.305942864048
8.858895486070938e-26    8839.73780855598
9.327258552455432e-26    8727.2999352465
9.821478243005931e-26    8618.077287065353
1.0342735028243236e-25    8512.149801800186
1.0892220990607147e-25    8409.591665251484
1.1471134760144093e-25    8310.470596462408
1.2080676095094154e-25    8214.847154171093
1.2722040170392166e-25    8122.774075121657
1.3396411649177736e-25    8034.295654959024
1.4104958622841151e-25    7949.447182299341
1.4848826513416558e-25    7868.254436196034
1.562913203741443e-25    7790.733256602619
1.6446957332030606e-25    7716.889196564718
1.7303344342460407e-25    7646.717263761464
1.8199289562632424e-25    7580.201757677286
1.9135739210862136e-25    7517.316207141635
2.0113584907006434e-25    7458.02341126078
2.1133659899010784e-25    7402.275584924572
2.2196735865065997e-25    7350.0146081492585
2.330352029375124e-25    7301.1723765710385
2.4454654419688024e-25    7255.6712484925965
2.5650711667459745e-25    7213.4245820644655
2.6892196533121774e-25    7174.337354515476
2.817954381158862e-25    7138.3068538849275
2.951311806058024e-25    7105.223432501046
3.0893213178339745e-25    7074.971310535305
3.2320051963568147e-25    7047.429417364858
3.379378552213406e-25    7022.472258211241
3.5314492386104773e-25    6999.970793589878
3.68821772161698e-25    6979.793319488857
3.849676896811656e-25    6961.806336867692
4.0158118416981564e-25    6945.875399989859
4.186599494813988e-25    6931.865934227307
4.362008254211822e-25    6919.644015248395
4.541997489866306e-25    6909.07710286576
4.726516966489738e-25    6900.034724221922
4.915506175182709e-25    6892.389102375088
5.108893574260279e-25    6886.01572767034
5.306595741467395e-25    6880.79387050232
5.508516441615208e-25    6876.607035166817
5.714545615445713e-25    6873.343355438848
5.924558297271424e-25    6870.895933294363
6.138413470666446e-25    6869.163122808935
6.355952873219048e-25    6868.048761725187
6.576999763121342e-25    6867.462353491695
6.801357662177692e-25    6867.319202756586
7.02880909167697e-25    6867.540507365486
7.259114319489095e-25    6868.053409887488
7.492010138710447e-25    6868.791011593194
7.72720870016926e-25    6869.692351655854
7.964396423082745e-25    6870.702354157777
8.203233010081344e-25    6871.771745275959
8.443350594627037e-25    6872.85694280715
8.684353050475137e-25    6873.919919985302
8.9258154941823e-25    6874.928045352942
9.167284012648114e-25    6875.8539002800135
9.408275648193558e-25    6876.675075584791
9.648278673613577e-25    6877.373948605394
9.886753188883842e-25    6877.937441998955
1.0123132069641272e-24    6878.3567655105635
1.0356822295093273e-24    6878.627141954279
1.058720667955191e-24    6878.747518683156
1.0813646027268362e-24    6878.720265891779
1.1035481724618472e-24    6878.550863190204
1.125203877695635e-24    6878.247576008165
1.1462629289642607e-24    6877.821123529258
1.1666556383952941e-24    6877.28434000973
1.1863118528912378e-24    6876.651831501588
1.205161425977356e-24    6875.939630166926
1.2231347243106613e-24    6875.164848534441
1.240163163759064e-24    6874.345336202502
1.256179768893704e-24    6873.499341628943
1.2711197487305008e-24    6872.645181759843
1.2849210806499387e-24    6871.80092233074
1.2975250936561149e-24    6870.98407171879
1.3088770415478177e-24    6870.211291227449
1.3189266561995203e-24    6869.498124643428
1.3276286710201892e-24    6868.858749814527
1.3349433047929879e-24    6868.305754856174
1.3408366965133839e-24    6867.849941403746
1.3452812825368817e-24    6867.500157087843
1.348256108311736e-24    6867.263159125416
1.3497470681833953e-24    6867.143510593552
1.3497470681833953e-24    6867.143510593552
1.348256108311736e-24    6867.263159125416
1.3452812825368817e-24    6867.500157087843
1.3408366965133839e-24    6867.849941403746
1.3349433047929879e-24    6868.305754856174
1.3276286710201892e-24    6868.858749814527
1.3189266561995203e-24    6869.498124643428
1.3088770415478177e-24    6870.211291227449
1.2975250936561149e-24    6870.98407171879
1.2849210806499387e-24    6871.80092233074
1.2711197487305008e-24    6872.645181759843
1.256179768893704e-24    6873.499341628943
1.240163163759064e-24    6874.345336202502
1.2231347243106613e-24    6875.164848534441
1.205161425977356e-24    6875.939630166926
1.1863118528912378e-24    6876.651831501588
1.1666556383952941e-24    6877.28434000973
1.1462629289642607e-24    6877.821123529258
1.125203877695635e-24    6878.247576008165
1.1035481724618472e-24    6878.550863190204
1.0813646027268362e-24    6878.720265891779
1.058720667955191e-24    6878.747518683156
1.0356822295093273e-24    6878.627141954279
1.0123132069641272e-24    6878.3567655105635
9.886753188883842e-25    6877.937441998955
9.648278673613577e-25    6877.373948605394
9.408275648193558e-25    6876.675075584791
9.167284012648114e-25    6875.8539002800135
8.9258154941823e-25    6874.928045352942
8.684353050475137e-25    6873.919919985302
8.443350594627037e-25    6872.85694280715
8.203233010081344e-25    6871.771745275959
7.964396423082745e-25    6870.702354157777
7.72720870016926e-25    6869.692351655854
7.492010138710447e-25    6868.791011593194
7.259114319489095e-25    6868.053409887488
7.02880909167697e-25    6867.540507365486
6.801357662177692e-25    6867.319202756586
6.576999763121342e-25    6867.462353491695
6.355952873219048e-25    6868.048761725187
6.138413470666446e-25    6869.163122808935
5.924558297271424e-25    6870.895933294363
5.714545615445713e-25    6873.343355438848
5.508516441615208e-25    6876.607035166817
5.306595741467395e-25    6880.79387050232
5.108893574260279e-25    6886.01572767034
4.915506175182709e-25    6892.389102375088
4.726516966489738e-25    6900.034724221922
4.541997489866306e-25    6909.07710286576
4.362008254211822e-25    6919.644015248395
4.186599494813988e-25    6931.865934227307
4.0158118416981564e-25    6945.875399989859
3.849676896811656e-25    6961.806336867692
3.68821772161698e-25    6979.793319488857
3.5314492386104773e-25    6999.970793589878
3.379378552213406e-25    7022.472258211241
3.2320051963568147e-25    7047.429417364858
3.0893213178339745e-25    7074.971310535305
2.951311806058024e-25    7105.223432501046
2.817954381158862e-25    7138.3068538849275
2.6892196533121774e-25    7174.337354515476
2.5650711667459745e-25    7213.4245820644655
2.4454654419688024e-25    7255.6712484925965
2.330352029375124e-25    7301.1723765710385
2.2196735865065997e-25    7350.0146081492585
2.1133659899010784e-25    7402.275584924572
2.0113584907006434e-25    7458.02341126078
1.9135739210862136e-25    7517.316207141635
1.8199289562632424e-25    7580.201757677286
1.7303344342460407e-25    7646.717263761464
1.6446957332030606e-25    7716.889196564718
1.562913203741443e-25    7790.733256602619
1.4848826513416558e-25    7868.254436196034
1.4104958622841151e-25    7949.447182299341
1.3396411649177736e-25    8034.295654959024
1.2722040170392166e-25    8122.774075121657
1.2080676095094154e-25    8214.847154171093
1.1471134760144093e-25    8310.470596462408
1.0892220990607147e-25    8409.591665251484
1.0342735028243236e-25    8512.149801800186
9.821478243005931e-26    8618.077287065353
9.327258552455432e-26    8727.2999352465
8.858895486070938e-26    8839.73780855598
8.41522484427332e-26    8955.305942864048
7.995102915154991e-26    9073.915074335013
7.597410224649335e-26    9195.472357779661
7.221054807999069e-26    9319.882068172545
6.864975001244372e-26    9447.046277590198
6.528141761154276e-26    9576.865500683443
6.209560530057076e-26    9709.239302678834
5.908272668742405e-26    9844.066864775512
5.623356485588332e-26    9981.24750264682
5.35392789387123e-26    10120.681134539427
5.0991407314413527e-26    10262.268696175459
4.858186778310734e-26    10405.912500280887
4.6302955077466406e-26    10551.516539080478
4.414733606033736e-26    10698.98672850051
4.210804294596327e-26    10848.23109310555
4.0178464866034666e-26    10999.159890954978
3.835233807798284e-26    11151.685677609792
3.66237350914917e-26    11305.723308442995
3.498705296117191e-26    11461.189878232182
3.3437000970430637e-26    11618.004596736859
3.196858790277688e-26    11776.088598624998
3.057710907530868e-26    11935.364685718276
2.925813328171228e-26    12095.756999130706
2.800748977372311e-26    12257.190618498991
2.6821255385025476e-26    12419.59108522994
2.5695741887091634e-26    12582.883846556655
2.462748364422642e-26    12746.993617320933
2.3613225624688838e-26    12911.84365684776
2.2649911805071464e-26    13077.35495920999
2.173467399863726e-26    13243.445356684779
2.086482112072599e-26    13410.02853848615
2.00378289014861e-26    13577.012990012223
1.9251330040225514e-26    13744.300862103353
1.850310479622519e-26    13911.786785224454
1.7791071996183536e-26    14079.356650248355
1.7113280442433517e-26    14246.88638555137
1.6467900692631924e-26    14414.24076945995
1.58532171893871e-26    14581.27232733069
1.526762070639001e-26    14747.820373381597
1.4709601089912292e-26    14913.71026793853
1.4177740264758664e-26    15078.752970151003
1.367070549148773e-26    15242.744972941637
1.3187242854548214e-26    15405.468709555349
1.2726170984604396e-26    15566.693517542644
1.228637501336696e-26    15726.177234790335
1.186680078785979e-26    15883.668481518172
1.1466449365970828e-26    16038.909651413524
1.108437184547158e-26    16191.64059414239
1.0719664568573304e-26    16341.602922320546
1.0371464770522874e-26    16488.544821573945
1.0038946719059043e-26    16632.226187972145
9.721318408234983e-27    16772.423868744747
9.417818832049724e-27    16908.936747195825
9.12771586843673e-27    17041.590396953394
8.850304751082679e-27    17170.241039330114
8.584907105948852e-27    17294.77857165316
8.330870470606812e-27    17415.12849265827
8.087568220706955e-27    17531.252627014368
7.854399776479381e-27    17643.14863696995
7.630790987350795e-27    17750.848394030912
7.416194557011432e-27    17854.415358602964
7.210090419301292e-27    17953.94117179541
7.011985953211202e-27    18049.541697434463
6.821415989807375e-27    18141.35276153399
6.637942545246846e-27    18229.525824478555
6.4611542838254e-27    18314.22379139768
6.290665688550155e-27    18395.61712606119
6.1261159830549435e-27    18473.880387808927
5.967167808099054e-27    18549.18926652748
5.8135057161500375e-27    18621.71814994072
5.6648344924889796e-27    18691.63822481266
5.520877367860292e-27    18759.11608834831
5.3813741212784865e-27    18824.312830054103
5.246079128889445e-27    18887.3835346723
5.1147593407752364e-27    18948.477154403467
4.987192229669702e-27    19007.736699686462
4.863163676836296e-27    19065.299703253553
4.7424658304080374e-27    19121.298918119268
4.624894890190704e-27    19175.863218109036
4.5102488538792065e-27    19229.118675633017
4.3983251781784726e-27    19281.189797748204
4.288918404196806e-27    19332.200904086472
4.181817719034708e-27    19382.277631367277
4.0768045428460044e-27    19431.54854436546
3.9736501642228554e-27    19480.146824868436
3.872113594967544e-27    19528.211992956712
3.77193976840501e-27    19575.891591669846
3.672858392452034e-27    19623.342731128316
3.574583742178024e-27    19670.733346044464
3.476815892923035e-27    19718.242967739796
3.379243856542901e-27    19766.062758784537
3.281551265748753e-27    19814.39450897606
3.1834250919349132e-27    19863.448268371092
3.0845678748718833e-27    19913.438311959733
2.9847134663523827e-27    19964.577226059984
2.8836459038988277e-27    20017.068093132595
2.781220127639184e-27    20071.095047651106
2.6773825807935094e-27    20126.81284622367
2.572188806836761e-27    20184.33648742785
2.465814967243014e-27    20243.73220766612
2.3585602688508173e-27    20305.011263309327
2.250838545862719e-27    20368.127673894254
2.1431587306504575e-27    20432.980565722835
2.0360961734251266e-27    20499.420997223613
1.930258219347547e-27    20567.262398167397
1.8262486396002358e-27    20636.293183402388
1.7246351139017777e-27    20706.289899139152
1.625923273107054e-27    20777.029385631376
1.5305389546403634e-27    20848.298869506772
1.4388191409337933e-27    20919.90339658222
1.3510104203183953e-27    20991.670532803924
1.2672735215317048e-27    21063.452591490597
1.1876917532852247e-27    21135.126888862193
1.1122818324016455e-27    21206.5945533242
1.041005342079258e-27    21277.778431369396
9.737800996466729e-28    21348.620489621713
9.104904015901387e-28    21419.07907148961
8.50996192066285e-28    21489.126192230906
7.951405891766416e-28    21558.745054493866
7.427562825499452e-28    21627.92780729676
6.936703823622256e-28    21696.67363217996
6.477084706110035e-28    21764.987090370105
6.04697373935973e-28    21832.876782495565
5.64467544403056e-28    21900.354211111477
5.268544027553315e-28    21967.4329041076
4.916996524512631e-28    22034.12766518815
4.588517029792195e-28    22100.454035403574
4.281663636915319e-28    22166.427811351426
3.9950669554447817e-28    22232.064739850644
3.7274338643257152e-28    22297.380209475512
3.4775424846407635e-28    22362.38910145276
3.2442447003806258e-28    22427.105586417558
3.0264588273563252e-28    22491.543079392737
2.8231721560197264e-28    22555.714094590705
2.6334319382284178e-28    22619.63027130346
2.456348786016521e-28    22683.30225457639
2.291086193958144e-28    22746.73977256786
2.1368653972549527e-28    22809.95152110679
1.9929533786739927e-28    22872.94528298729
1.8586696845585533e-28    22935.727801217057
1.733372674493247e-28    22998.304938218727
1.6164687726498324e-28    23060.68152725791
1.5073965669295699e-28    23122.861575823143
1.4056390101093946e-28    23184.84808829223
1.3107048375958602e-28    23246.64332379418
1.2221443144922563e-28    23308.248586390077
1.1395272996663208e-28    23369.664554154206
1.0624632552859188e-28    23430.891036510773
9.905751265839648e-29    23491.927398530144
9.235244890961421e-29    23552.77228882677
8.609802273904194e-29    23613.42419127932
8.0264989552085e-29    23673.881131051185
7.482419537134647e-29    23734.14139493128
6.975046658598266e-29    23794.203227331313
6.501803797546643e-29    23854.065769709534
6.06053591066727e-29    23913.728762390703
5.648954177487478e-29    23973.19376226227
5.265228350484504e-29    24032.463869461586
4.907310834017589e-29    24091.545289617927
4.5736653918669807e-29    24150.44710648945
4.262442898953636e-29    24209.183259015008
3.972376698925491e-29    24267.77238186104
3.7017761503673733e-29    24326.24026650071
3.449625858439175e-29    24384.619791983012
3.2143554895297865e-29    24442.95393030553
2.995188618681189e-29    24501.29579118413
2.79063787192025e-29    24559.712210527225
2.6001596096619644e-29    24618.28393877699
2.4223118562901466e-29    24677.10980964256
2.2567839465142555e-29    24736.307117527806
2.102140394341294e-29    24796.016289018087
1.9583105504274927e-29    24856.401531431173
1.823823890852324e-29    24917.65580094915
1.6988644058816268e-29    24980.001880337655
1.581880925330177e-29    25043.69722186462
1.4733353133316276e-29    25109.035762028292
1.3715443446520874e-29    25176.35186330662
1.2772809948101827e-29    25246.023458835414
1.1886707122101563e-29    25318.473747150158
1.1068426655653415e-29    25394.17678733867
1.0296613315246845e-29    25473.654698824288
9.586713965387705e-30    25557.487776502247
8.913932509012125e-30    25646.303528551834
8.298637635636397e-30    25740.795008008245
7.71158812627361e-30    25841.695801681068
7.179054273405454e-30    25949.813150577178
6.66612432631152e-30    26065.97964114774
6.2062137875671724e-30    26191.112176175993
5.757234025041494e-30    26326.12519912089
5.361318041025264e-30    26472.03342990062
4.967338535241721e-30    26629.802695914
4.62812872924967e-30    26800.524544797787
4.281212983265274e-30    26985.16631102503
3.992620622250303e-30    27184.859111533966
3.6856565307360934e-30    27400.485997627675
3.4426826180602114e-30    27633.140864049354
3.169213537589671e-30    27883.45981725869
2.96787579174065e-30    28152.32039017121
2.7219593360648363e-30    28439.779327676293
2.5592644534128502e-30    28746.063120335577
2.3353727207305913e-30    29069.954414349322
2.2093306012962624e-30    29409.987961357867
2.002249367959969e-30    29762.231708824176
1.911863869314222e-30    30121.098337450978
1.7196087539039297e-30    30478.109774549215
