75a76
> Going out of the kernel
79c80
< 77213.0|77214.0|77215.0|77216.0|77217.0|77218.0|77219.0|77220.0|77221.0|77222.0|77223.0|77224.0|77225.0|77226.0|77227.0|77228.0|77229.0|77230.0|77231.0|77232.0|77233.0|77234.0|77235.0|77236.0|77237.0|77238.0|77239.0|77240.0|77241.0|77242.0|77243.0|77244.0|77245.0|77246.0|77247.0|77248.0|77249.0|77250.0|
---
> 3369759|3369759|3369759|77216|77217|77218|77219|77220|77221|77222|77223|77224|77225|77226|77227|77228|77229|77230|77231|77232|77233|77234|77235|77236|77237|77238|77239|77240|77241|77242|77243|77244|77245|77246|77247|3359007|3360447|3360479|
82c83
< 77405.0|77406.0|77407.0|77408.0|77409.0|77410.0|77411.0|77412.0|77413.0|77414.0|77415.0|77416.0|77417.0|77418.0|77419.0|77420.0|77421.0|77422.0|77423.0|77424.0|77425.0|77426.0|77427.0|77428.0|77429.0|77430.0|77431.0|77432.0|77433.0|77434.0|77435.0|77436.0|77437.0|77438.0|77439.0|77440.0|77441.0|77442.0|
---
> 3360511|3360543|3361983|77408|77409|77410|77411|77412|77413|77414|77415|77416|77417|77418|77419|77420|77421|77422|77423|77424|77425|77426|77427|77428|77429|77430|77431|77432|77433|77434|77435|77436|77437|77438|77439|3349727|3349759|3349791|
85c86
< 77597.0|77598.0|77599.0|77600.0|77601.0|77602.0|77603.0|77604.0|77605.0|77606.0|77607.0|77608.0|77609.0|77610.0|77611.0|77612.0|77613.0|77614.0|77615.0|77616.0|77617.0|77618.0|77619.0|77620.0|77621.0|77622.0|77623.0|77624.0|77625.0|77626.0|77627.0|77628.0|77629.0|77630.0|77631.0|77632.0|77633.0|77634.0|
---
> 3351231|3351263|3351295|77600|77601|77602|77603|77604|77605|77606|77607|77608|77609|77610|77611|77612|77613|77614|77615|77616|77617|77618|77619|77620|77621|77622|77623|77624|77625|77626|77627|77628|77629|77630|77631|3363615|3365055|3365087|
88c89
< 77789.0|77790.0|77791.0|77792.0|77793.0|77794.0|77795.0|77796.0|77797.0|77798.0|77799.0|77800.0|77801.0|77802.0|77803.0|77804.0|77805.0|77806.0|77807.0|77808.0|77809.0|77810.0|77811.0|77812.0|77813.0|77814.0|77815.0|77816.0|77817.0|77818.0|77819.0|77820.0|77821.0|77822.0|77823.0|77824.0|77825.0|77826.0|
---
> 77789|77790|77791|77792|77793|77794|77795|77796|77797|77798|77799|77800|77801|77802|77803|77804|77805|77806|77807|77808|77809|77810|77811|77812|77813|77814|77815|77816|77817|77818|77819|77820|77821|77822|77823|77824|77825|77826|
91c92
< 77981.0|77982.0|77983.0|77984.0|77985.0|77986.0|77987.0|77988.0|77989.0|77990.0|77991.0|77992.0|77993.0|77994.0|77995.0|77996.0|77997.0|77998.0|77999.0|78000.0|78001.0|78002.0|78003.0|78004.0|78005.0|78006.0|78007.0|78008.0|78009.0|78010.0|78011.0|78012.0|78013.0|78014.0|78015.0|78016.0|78017.0|78018.0|
---
> 77981|77982|77983|77984|77985|77986|77987|77988|77989|77990|77991|77992|77993|77994|77995|77996|77997|77998|77999|78000|78001|78002|78003|78004|78005|78006|78007|78008|78009|78010|78011|78012|78013|78014|78015|78016|78017|78018|
94c95
< 78173.0|78174.0|78175.0|78176.0|78177.0|78178.0|78179.0|78180.0|78181.0|78182.0|78183.0|78184.0|78185.0|78186.0|78187.0|78188.0|78189.0|78190.0|78191.0|78192.0|78193.0|78194.0|78195.0|78196.0|78197.0|78198.0|78199.0|78200.0|78201.0|78202.0|78203.0|78204.0|78205.0|78206.0|78207.0|78208.0|78209.0|78210.0|
---
> 78173|78174|78175|78176|78177|78178|78179|78180|78181|78182|78183|78184|78185|78186|78187|78188|78189|78190|78191|78192|78193|78194|78195|78196|78197|78198|78199|78200|78201|78202|78203|78204|78205|78206|78207|78208|78209|78210|
97c98
< 78365.0|78366.0|78367.0|78368.0|78369.0|78370.0|78371.0|78372.0|78373.0|78374.0|78375.0|78376.0|78377.0|78378.0|78379.0|78380.0|78381.0|78382.0|78383.0|78384.0|78385.0|78386.0|78387.0|78388.0|78389.0|78390.0|78391.0|78392.0|78393.0|78394.0|78395.0|78396.0|78397.0|78398.0|78399.0|78400.0|78401.0|78402.0|
---
> 78365|78366|78367|78368|78369|78370|78371|78372|78373|78374|78375|78376|78377|78378|78379|78380|78381|78382|78383|78384|78385|78386|78387|78388|78389|78390|78391|78392|78393|78394|78395|78396|78397|78398|78399|78400|78401|78402|
100c101
< 78557.0|78558.0|78559.0|78560.0|78561.0|78562.0|78563.0|78564.0|78565.0|78566.0|78567.0|78568.0|78569.0|78570.0|78571.0|78572.0|78573.0|78574.0|78575.0|78576.0|78577.0|78578.0|78579.0|78580.0|78581.0|78582.0|78583.0|78584.0|78585.0|78586.0|78587.0|78588.0|78589.0|78590.0|78591.0|78592.0|78593.0|78594.0|
---
> 2732287|2732319|2733759|78560|78561|78562|78563|78564|78565|78566|78567|78568|78569|78570|78571|78572|78573|78574|78575|78576|78577|78578|78579|78580|78581|78582|78583|78584|78585|78586|78587|78588|78589|78590|78591|2746079|2746111|2746143|
103c104
< 78749.0|78750.0|78751.0|78752.0|78753.0|78754.0|78755.0|78756.0|78757.0|78758.0|78759.0|78760.0|78761.0|78762.0|78763.0|78764.0|78765.0|78766.0|78767.0|78768.0|78769.0|78770.0|78771.0|78772.0|78773.0|78774.0|78775.0|78776.0|78777.0|78778.0|78779.0|78780.0|78781.0|78782.0|78783.0|78784.0|78785.0|78786.0|
---
> 2747583|2747615|2747647|78752|78753|78754|78755|78756|78757|78758|78759|78760|78761|78762|78763|78764|78765|78766|78767|78768|78769|78770|78771|78772|78773|78774|78775|78776|78777|78778|78779|78780|78781|78782|78783|2941215|2942655|2942687|
106c107
< 78941.0|78942.0|78943.0|78944.0|78945.0|78946.0|78947.0|78948.0|78949.0|78950.0|78951.0|78952.0|78953.0|78954.0|78955.0|78956.0|78957.0|78958.0|78959.0|78960.0|78961.0|78962.0|78963.0|78964.0|78965.0|78966.0|78967.0|78968.0|78969.0|78970.0|78971.0|78972.0|78973.0|78974.0|78975.0|78976.0|78977.0|78978.0|
---
> 2942719|2942751|2944191|78944|78945|78946|78947|78948|78949|78950|78951|78952|78953|78954|78955|78956|78957|78958|78959|78960|78961|78962|78963|78964|78965|78966|78967|78968|78969|78970|78971|78972|78973|78974|78975|2956511|2956543|2956575|
109,176c110
< Writing thread (0,0,0) at block (0,0,0) and zplane = 0 
< size row = 10, size col = 38 
<  row = 0
< 77213.0|77214.0|77215.0|101792.0|101793.0|101794.0|101795.0|101796.0|101797.0|101798.0|101799.0|101800.0|101801.0|101802.0|101803.0|101804.0|101805.0|101806.0|101807.0|101808.0|101809.0|101810.0|101811.0|101812.0|101813.0|101814.0|101815.0|101816.0|101817.0|101818.0|101819.0|101820.0|101821.0|101822.0|101823.0|101824.0|101825.0|101826.0|
< 
< row = 1
< 77405.0|77406.0|77407.0|101984.0|101985.0|101986.0|101987.0|101988.0|101989.0|101990.0|101991.0|101992.0|101993.0|101994.0|101995.0|101996.0|101997.0|101998.0|101999.0|102000.0|102001.0|102002.0|102003.0|102004.0|102005.0|102006.0|102007.0|102008.0|102009.0|102010.0|102011.0|102012.0|102013.0|102014.0|102015.0|102016.0|102017.0|102018.0|
< 
< row = 2
< 77597.0|77598.0|77599.0|102176.0|102177.0|102178.0|102179.0|102180.0|102181.0|102182.0|102183.0|102184.0|102185.0|102186.0|102187.0|102188.0|102189.0|102190.0|102191.0|102192.0|102193.0|102194.0|102195.0|102196.0|102197.0|102198.0|102199.0|102200.0|102201.0|102202.0|102203.0|102204.0|102205.0|102206.0|102207.0|102208.0|102209.0|102210.0|
< 
< row = 3
< 77917.0|77918.0|77919.0|77792.0|77793.0|77794.0|77795.0|77796.0|77797.0|77798.0|77799.0|77800.0|77801.0|77802.0|77803.0|77804.0|77805.0|77806.0|77807.0|77808.0|77809.0|77810.0|77811.0|77812.0|77813.0|77814.0|77815.0|77816.0|77817.0|77818.0|77819.0|77820.0|77821.0|77822.0|77823.0|77824.0|77825.0|77826.0|
< 
< row = 4
< 78109.0|78110.0|78111.0|77984.0|77985.0|77986.0|77987.0|77988.0|77989.0|77990.0|77991.0|77992.0|77993.0|77994.0|77995.0|77996.0|77997.0|77998.0|77999.0|78000.0|78001.0|78002.0|78003.0|78004.0|78005.0|78006.0|78007.0|78008.0|78009.0|78010.0|78011.0|78012.0|78013.0|78014.0|78015.0|78016.0|78017.0|78018.0|
< 
< row = 5
< 78301.0|78302.0|78303.0|78176.0|78177.0|78178.0|78179.0|78180.0|78181.0|78182.0|78183.0|78184.0|78185.0|78186.0|78187.0|78188.0|78189.0|78190.0|78191.0|78192.0|78193.0|78194.0|78195.0|78196.0|78197.0|78198.0|78199.0|78200.0|78201.0|78202.0|78203.0|78204.0|78205.0|78206.0|78207.0|78208.0|78209.0|78210.0|
< 
< row = 6
< 78493.0|78494.0|78495.0|78368.0|78369.0|78370.0|78371.0|78372.0|78373.0|78374.0|78375.0|78376.0|78377.0|78378.0|78379.0|78380.0|78381.0|78382.0|78383.0|78384.0|78385.0|78386.0|78387.0|78388.0|78389.0|78390.0|78391.0|78392.0|78393.0|78394.0|78395.0|78396.0|78397.0|78398.0|78399.0|78400.0|78401.0|78402.0|
< 
< row = 7
< 78685.0|78686.0|78687.0|78560.0|78561.0|78562.0|78563.0|78564.0|78565.0|78566.0|78567.0|78568.0|78569.0|78570.0|78571.0|78572.0|78573.0|78574.0|78575.0|78576.0|78577.0|78578.0|78579.0|78580.0|78581.0|78582.0|78583.0|78584.0|78585.0|78586.0|78587.0|78588.0|78589.0|78590.0|78591.0|78592.0|78593.0|78594.0|
< 
< row = 8
< 78877.0|78878.0|78879.0|78752.0|78753.0|78754.0|78755.0|78756.0|78757.0|78758.0|78759.0|78760.0|78761.0|78762.0|78763.0|78764.0|78765.0|78766.0|78767.0|78768.0|78769.0|78770.0|78771.0|78772.0|78773.0|78774.0|78775.0|78776.0|78777.0|78778.0|78779.0|78780.0|78781.0|78782.0|78783.0|78784.0|78785.0|78786.0|
< 
< row = 9
< 79069.0|79070.0|79071.0|78944.0|78945.0|78946.0|78947.0|78948.0|78949.0|78950.0|78951.0|78952.0|78953.0|78954.0|78955.0|78956.0|78957.0|78958.0|78959.0|78960.0|78961.0|78962.0|78963.0|78964.0|78965.0|78966.0|78967.0|78968.0|78969.0|78970.0|78971.0|78972.0|78973.0|78974.0|78975.0|78976.0|78977.0|78978.0|
< 
< 
< Writing thread (0,0,0) at block (0,0,0) and zplane = 0 
< size row = 10, size col = 38 
<  row = 0
< 77213.0|77214.0|77215.0|101792.0|101793.0|101794.0|101795.0|101796.0|101797.0|101798.0|101799.0|101800.0|101801.0|101802.0|101803.0|101804.0|101805.0|101806.0|101807.0|101808.0|101809.0|101810.0|101811.0|101812.0|101813.0|101814.0|101815.0|101816.0|101817.0|101818.0|101819.0|101820.0|101821.0|101822.0|101823.0|101824.0|101825.0|101826.0|
< 
< row = 1
< 77405.0|77406.0|77407.0|101984.0|101985.0|101986.0|101987.0|101988.0|101989.0|101990.0|101991.0|101992.0|101993.0|101994.0|101995.0|101996.0|101997.0|101998.0|101999.0|102000.0|102001.0|102002.0|102003.0|102004.0|102005.0|102006.0|102007.0|102008.0|102009.0|102010.0|102011.0|102012.0|102013.0|102014.0|102015.0|102016.0|102017.0|102018.0|
< 
< row = 2
< 77597.0|77598.0|77599.0|102176.0|102177.0|102178.0|102179.0|102180.0|102181.0|102182.0|102183.0|102184.0|102185.0|102186.0|102187.0|102188.0|102189.0|102190.0|102191.0|102192.0|102193.0|102194.0|102195.0|102196.0|102197.0|102198.0|102199.0|102200.0|102201.0|102202.0|102203.0|102204.0|102205.0|102206.0|102207.0|102208.0|102209.0|102210.0|
< 
< row = 3
< 77917.0|77918.0|77919.0|77792.0|77793.0|77794.0|77795.0|77796.0|77797.0|77798.0|77799.0|77800.0|77801.0|77802.0|77803.0|77804.0|77805.0|77806.0|77807.0|77808.0|77809.0|77810.0|77811.0|77812.0|77813.0|77814.0|77815.0|77816.0|77817.0|77818.0|77819.0|77820.0|77821.0|77822.0|77823.0|77824.0|77825.0|77826.0|
< 
< row = 4
< 78109.0|78110.0|78111.0|77984.0|77985.0|77986.0|77987.0|77988.0|77989.0|77990.0|77991.0|77992.0|77993.0|77994.0|77995.0|77996.0|77997.0|77998.0|77999.0|78000.0|78001.0|78002.0|78003.0|78004.0|78005.0|78006.0|78007.0|78008.0|78009.0|78010.0|78011.0|78012.0|78013.0|78014.0|78015.0|78016.0|78017.0|78018.0|
< 
< row = 5
< 78301.0|78302.0|78303.0|78176.0|78177.0|78178.0|78179.0|78180.0|78181.0|78182.0|78183.0|78184.0|78185.0|78186.0|78187.0|78188.0|78189.0|78190.0|78191.0|78192.0|78193.0|78194.0|78195.0|78196.0|78197.0|78198.0|78199.0|78200.0|78201.0|78202.0|78203.0|78204.0|78205.0|78206.0|78207.0|78208.0|78209.0|78210.0|
< 
< row = 6
< 78493.0|78494.0|78495.0|78368.0|78369.0|78370.0|78371.0|78372.0|78373.0|78374.0|78375.0|78376.0|78377.0|78378.0|78379.0|78380.0|78381.0|78382.0|78383.0|78384.0|78385.0|78386.0|78387.0|78388.0|78389.0|78390.0|78391.0|78392.0|78393.0|78394.0|78395.0|78396.0|78397.0|78398.0|78399.0|78400.0|78401.0|78402.0|
< 
< row = 7
< 78685.0|78686.0|78687.0|78560.0|78561.0|78562.0|78563.0|78564.0|78565.0|78566.0|78567.0|78568.0|78569.0|78570.0|78571.0|78572.0|78573.0|78574.0|78575.0|78576.0|78577.0|78578.0|78579.0|78580.0|78581.0|78582.0|78583.0|78584.0|78585.0|78586.0|78587.0|78588.0|78589.0|78590.0|78591.0|78592.0|78593.0|78594.0|
< 
< row = 8
< 78877.0|78878.0|78879.0|78752.0|78753.0|78754.0|78755.0|78756.0|78757.0|78758.0|78759.0|78760.0|78761.0|78762.0|78763.0|78764.0|78765.0|78766.0|78767.0|78768.0|78769.0|78770.0|78771.0|78772.0|78773.0|78774.0|78775.0|78776.0|78777.0|78778.0|78779.0|78780.0|78781.0|78782.0|78783.0|78784.0|78785.0|78786.0|
< 
< row = 9
< 79069.0|79070.0|79071.0|78944.0|78945.0|78946.0|78947.0|78948.0|78949.0|78950.0|78951.0|78952.0|78953.0|78954.0|78955.0|78956.0|78957.0|78958.0|78959.0|78960.0|78961.0|78962.0|78963.0|78964.0|78965.0|78966.0|78967.0|78968.0|78969.0|78970.0|78971.0|78972.0|78973.0|78974.0|78975.0|78976.0|78977.0|78978.0|
< 
< 
< A Single rungekutta step time elapsed: 	31.456512 ms
< Time elapsed per cycle: 	95.369438 ms
---
> Time elapsed per cycle: 	31.274529 ms
178,183c112,117
<  step = 0; t = 5.826811e-09; dt = 5.826811e-09; umax = 3.369760e+06; umin = 7.779202e+04; urms = 1.968541e+06; 
<  uxrms = 1.968541e+06; uyrms = 3.551184e-18; uzrms = 4.393037e-04; 
<  uxmax = 3.369760e+06; uymax = 1.543463e-15; uzmax = 2.447124e-02; 
<  uxmin = 7.779202e+04; uymin = -1.543463e-15; uzmin = -2.447146e-02; 
<  rhomax = 2.718330e+00; rhomin = 2.718330e+00; rhorms = 2.718282e+00 
< Avg time: 95.369438
---
>  step = 0; t = 5.826811e-09; dt = 5.826811e-09; umax = 3.369759e+06; umin = 7.779200e+04; urms = 1.968541e+06; 
>  uxrms = 1.968541e+06; uyrms = 0.000000e+00; uzrms = 0.000000e+00; 
>  uxmax = 3.369759e+06; uymax = 0.000000e+00; uzmax = 0.000000e+00; 
>  uxmin = 7.779200e+04; uymin = 0.000000e+00; uzmin = 0.000000e+00; 
>  rhomax = 2.718282e+00; rhomin = 2.718282e+00; rhorms = 2.718282e+00 
> Avg time: 31.274529
