7.383886726821696e-31    483830.670982404
7.4282113897560734e-31    481685.1149533405
7.4756760370380705e-31    479123.0520204669
7.533459215889435e-31    476176.1296091512
7.594325229559464e-31    472870.2764064227
7.664817671091064e-31    469231.57071122783
7.738610140547813e-31    465280.85380680574
7.8215796810732124e-31    461039.5666750003
7.908199910905386e-31    456525.0488043649
8.003744813027904e-31    451755.30914461974
8.103399404904916e-31    446745.1672859428
8.211894469744753e-31    441510.13453589677
8.325049511767374e-31    436063.2686261917
8.447109055695155e-31    430418.3062190943
8.574460376111696e-31    424587.11686633
8.710915253040364e-31    418582.2119508404
8.8533706576808e-31    412414.69759581226
9.005255514979225e-31    406096.2685430708
9.16392580652147e-31    399637.5728502736
9.332473878420966e-31    393049.7836199395
9.508670387032386e-31    386343.3006222833
9.695313876919384e-31    379528.978644903
9.890550812479384e-31    372617.10252419865
1.0096925359551144e-30    365618.33834998636
1.0312925612017007e-30    358542.928669185
1.0540877542498619e-30    351401.4218449602
1.0779580651848009e-30    344204.0433531256
1.1031175705714704e-30    336961.24918252055
1.1294746603758773e-30    329683.23720593983
1.1572278588777592e-30    322380.3626070022
1.1863115323568955e-30    315062.7605342839
1.2169112545897596e-30    307740.655294446
1.2489850288354025e-30    300424.0721138083
1.2827076319887956e-30    293123.06586836796
1.3180584631679677e-30    285847.4779499691
1.3552045732506793e-30    278606.85379951727
1.3941489556490094e-30    271409.926041258
1.4350561753689985e-30    264265.17408962344
1.4779495963652377e-30    257180.73657634182
1.5229911161619844e-30    250164.48784962913
1.570223208323916e-30    243223.93482672292
1.6198069877546187e-30    236366.27079584938
1.6718030504333817e-30    229598.29989894977
1.7263733339520192e-30    222926.4761131365
1.7835955663397083e-30    216356.84876293308
1.843633794818651e-30    209895.09156698486
1.906581811530919e-30    203546.46488287667
1.9726066751146705e-30    197315.8388869532
2.0418169862076467e-30    191207.66943003153
2.1143832273507627e-30    185226.01823910655
2.1904272200132805e-30    179374.53983950082
2.2701226519429446e-30    173656.50064104985
2.3536024634420702e-30    168074.77481780364
2.4410425111621427e-30    162631.8633622141
2.532584010692203e-30    157329.89716744132
2.6284028930356943e-30    152170.65651673242
2.7286447847132124e-30    147155.57991102597
2.8334822329080766e-30    142285.78401264976
2.943060053895841e-30    137562.07709955468
3.0575422076506545e-30    132984.97925740015
3.177065723516793e-30    128554.73977290963
3.301778548621693e-30    124271.35731715626
3.431800722900811e-30    120134.60093261643
3.5672539495062836e-30    116144.02967551936
3.708229344273881e-30    112299.0165192792
3.8548087048546236e-30    108598.76610991634
4.0070390481676674e-30    105042.34182241319
4.164944779246128e-30    101628.6742015609
4.3285225264422405e-30    98356.34480101557
4.497841970415127e-30    95221.48387345843
4.673073914879584e-30    92217.99545486123
4.8544078145387366e-30    89339.8656613988
5.0420322849369495e-30    86581.38470554646
5.2361484782917e-30    83937.13202285874
5.4369552553734834e-30    81401.96159667625
5.6446648913483806e-30    78970.98431796448
5.859487692598247e-30    76639.55512231753
6.081646948153187e-30    74403.2585522945
6.311365212895212e-30    72257.89724477644
6.548876820128876e-30    70199.48004709704
6.794416923577283e-30    68224.21154002128
7.048230998449837e-30    66328.48181558543
7.310566822079151e-30    64508.85682903603
7.581681146655973e-30    62762.06933784627
7.861834203857279e-30    61085.01010282829
8.151294123484051e-30    59474.71977060337
8.450333299264349e-30    57928.380955266846
8.759231221165453e-30    56443.31094697984
9.07827204894913e-30    55016.95464154659
9.407746434751465e-30    53646.87799257447
9.747949793935531e-30    52330.76171974475
1.0099183530562598e-29    51066.39544295089
1.0461753669747511e-29    49851.67209381195
1.0835971736689602e-29    48684.58267789028
1.1222153560610578e-29    47563.21131306182
1.1620619932412772e-29    46485.730560314594
1.203169548687193e-29    45450.39701144786
1.2455709183868971e-29    44455.54712446282
1.289299322861756e-29    43499.59329002176
1.3343883381917365e-29    42581.020113493556
1.3808717901810055e-29    41698.38090381241
1.428783767623412e-29    40850.29435500675
1.4781585175435512e-29    40035.44141329397
1.5290304401262313e-29    39252.56231816041
1.581433983665862e-29    38500.45380954775
1.635403620985635e-29    37777.9664916145
1.6909737422016982e-29    37084.00234441829
1.748178612762555e-29    36417.51237542092
1.807052261794988e-29    35777.4944020342
1.867628422042524e-29    35162.99095784465
1.9299404115849858e-29    34573.087313789714
1.9940210560892453e-29    34006.909606768495
2.0599025621860858e-29    33463.62306649449
2.1276164228773906e-29    32942.4303318233
2.1971932820176472e-29    32442.56984585746
2.2686628249207694e-29    31963.314318593126
2.3420536356152132e-29    31503.96924367427
2.417393077237151e-29    31063.871454510154
2.4947071475036957e-29    30642.387702755055
2.574020357881194e-29    30238.913240665297
2.6553555983988735e-29    29852.870387185467
2.7387340309618917e-29    29483.70705700669
2.8241749819742213e-29    29130.895231863815
2.9116958727895124e-29    28793.929354939104
3.001312166319297e-29    28472.324632196283
3.0930373644856714e-29    28165.61522943659
3.186883040419711e-29    27873.35236054331
3.2828589356578965e-29    27595.102271007294
3.380973109076196e-29    27330.4441307957
3.481232161764025e-29    27078.967861670382
3.5836415241582244e-29    26840.27193519396
3.688205821543365e-29    26613.961188170073
3.7949293008295724e-29    26399.644710934055
3.9038163251825584e-29    26196.933869910397
4.0148719144053815e-29    26005.440528143034
4.1281023284186497e-29    25824.775525610297
4.243515667423123e-29    25654.547474686293
4.3611224794986226e-29    25494.361915388552
4.4809363479814913e-29    25343.82086060886
4.602974447292949e-29    25202.522744476046
4.727258042739413e-29    25070.062768600954
4.8538129258023715e-29    24946.03362274847
4.982669767633052e-29    24830.026539851126
5.113864388688919e-29    24721.632631521756
5.247437936456523e-29    24620.444440209852
5.383436976697153e-29    24526.05763842858
5.521913498847826e-29    24438.072804094296
5.662924847117564e-29    24356.097203690613
5.806533584039861e-29    24279.746521029665
5.952807301241019e-29    24208.646478043458
6.101818386962618e-29    24142.43430433841
6.253643765241795e-29    24080.760023317394
6.408364616107681e-29    24023.287533679497
6.566066089541604e-29    23969.695475427256
6.726837020488087e-29    23919.677878628394
6.890769654356533e-29    23872.9446008523
7.057959387494528e-29    23829.221565245487
7.228504528634121e-29    23788.250815677122
7.402506083121708e-29    23749.790408347737
7.580067563015176e-29    23713.614160905647
7.761294822793049e-29    23679.511280653038
7.946295921631616e-29    23647.28589308301
8.135181010663061e-29    23616.756490972646
8.328062244828336e-29    23587.755322777895
8.525053717061224e-29    23560.127737291506
8.726271413712865e-29    23533.73149958823
8.931833188763243e-29    23508.436091296888
9.141858755473513e-29    23484.1220062999
9.356469693145842e-29    23460.68005111423
9.575789467665667e-29    23438.010657511444
9.799943463778581e-29    23416.023213395303
1.0029059027942047e-28    23394.635416597914
1.0263265520052075e-28    23373.77265506161
1.0502694373107026e-28    23353.36741586384
1.074747915945441e-28    23333.358724677943
1.0997755662908957e-28    23313.691616547374
1.1253661955697665e-28    23294.31663826878
1.151533847972309e-28    23275.18938220321
1.178292813136047e-28    23256.270050962998
1.2056576349449177e-28    23237.52305213654
1.233643120590276e-28    23218.91662199293
1.2622643498731368e-28    23200.42247695633
1.2915366847063693e-28    23182.01549153116
1.3214757788063917e-28    23163.673401294458
1.3520975875453248e-28    23145.376529540456
1.3834183779608196e-28    23127.10753615534
1.4154547389035476e-28    23108.851187312634
1.448223591325252e-28    23090.59414461194
1.481742198693826e-28    23072.32477232545
1.5160281775425097e-28    23054.032961465557
1.5510995081443888e-28    23035.70996944324
1.5869745453221953e-28    23017.34827414891
1.6236720293880476e-28    22998.94144134889
1.6612110972251896e-28    22980.484004352664
1.6996112935088386e-28    22961.971354970185
1.7388925820796806e-28    22943.3996448406
1.77907535746891e-28    22924.76569627306
1.8201804565893689e-28    22906.06692179838
1.8622291705930574e-28    22887.301251688394
1.9052432569102153e-28    22868.467068748956
1.9492449514714047e-28    22849.563149747755
1.9942569811281575e-28    22830.588612883257
2.040302576274576e-28    22811.542870745845
2.0874054836857347e-28    22792.42558826804
2.1355899795761048e-28    22773.236645196033
2.184880882893979e-28    22753.976102657358
2.2353035688560463e-28    22734.644173429395
2.2868839827379605e-28    22715.24119555006
2.3396486539262166e-28    22695.767608939608
2.393624710246824e-28    22676.22393473301
2.4488398925773623e-28    22656.610757046732
2.505322569757558e-28    22636.928706929135
2.563101753806235e-28    22617.178448266695
2.622207115459407e-28    22597.36066543597
2.6826690000387943e-28    22577.476052516256
2.7445184436650284e-28    22557.525303888426
2.8077871898264452e-28    22537.509106067493
2.872507706317169e-28    22517.428130628836
2.9387132025570835e-28    22497.283028100574
3.006437647306871e-28    22477.074422710026
3.0757157867924923e-28    22456.80290788106
3.146583163251814e-28    22436.46904239109
3.219076133919592e-28    22416.073347104117
3.293231890463112e-28    22395.616302207512
3.3690884788866576e-28    22375.09834488554
3.446684819916611e-28    22354.519867370655
3.5260607298876475e-28    22333.881215321344
3.6072569421413433e-28    22313.18268647706
3.6903151289599185e-28    22292.42452955106
3.7752779240461326e-28    22271.606943324008
3.862188945574489e-28    22250.730075903022
3.9510928198246444e-28    22229.79402412092
4.042035205424552e-28    22208.798833046065
4.135062818214227e-28    22187.744495583174
4.230223456760391e-28    22166.630952143274
4.327566028533042e-28    22145.458090365082
4.427140576776824e-28    22124.22574487291
4.528998308088755e-28    22102.933697055658
4.633191620738015e-28    22081.581674856687
4.739774133740017e-28    22060.169352561832
4.848800716723493e-28    22038.69635057623
4.960327520603779e-28    22017.16223518222
5.074412009104032e-28    21995.56651826919
5.191112991139298e-28    21973.908657029675
5.310490654107999e-28    21952.188053614722
5.432606598107804e-28    21930.40405474259
5.557523871123869e-28    21908.55595125648
5.685307005208609e-28    21886.642977626005
5.816022053704659e-28    21864.664311386907
5.949736629533141e-28    21842.6190725163
6.086519944602545e-28    21820.50632273917
6.2264428503638655e-28    21798.3250647605
6.369577879571564e-28    21776.074241421557
6.5159992892798685e-28    21753.752734774724
6.665783105138807e-28    21731.359365073866
6.819007167023962e-28    21708.8928896758
6.975751176069567e-28    21686.352001850053
7.136096743144665e-28    21663.735329491163
7.300127438846992e-28    21641.041433729868
7.467928845061302e-28    21618.268807440036
7.639588608162987e-28    21595.415873633796
7.815196493920792e-28    21572.480983742764
7.9948444441871575e-28    21549.46241577763
8.178626635438138e-28    21526.35837236208
8.366639539259769e-28    21503.166978634523
8.558981984852496e-28    21479.886280010014
8.755755223660278e-28    21456.51423979717
8.957062996206847e-28    21433.048736661458
9.16301160125705e-28    21409.487561926577
9.373709967398151e-28    21385.82841670687
9.589269727172508e-28    21362.068908859037
9.809805293870633e-28    21338.206549745108
1.0035433941131535e-27    21314.23875079537
1.026627588547599e-27    21290.162819858866
1.0502454371937651e-27    21265.975957330553
1.0744095762937382e-27    21241.675252039582
1.0991329630586049e-27    21217.25767688556
1.124428885258468e-27    21192.720084207303
1.1503109711931497e-27    21168.05920086579
1.1767932000631585e-27    21143.271623024364
1.2038899127647672e-27    21118.353810605633
1.2316158231319918e-27    21093.30208140375
1.2599860296526318e-27    21068.11260483001
1.2890160276850767e-27    21042.781395264377
1.3187217222069424e-27    21017.304304988706
1.349119441126837e-27    20991.677016670186
1.3802259491950728e-27    20965.895035363697
1.4120584625500098e-27    20939.953679998696
1.4446346639416366e-27    20913.848074313035
1.4779727186754442e-27    20887.573137192376
1.5120912913251792e-27    20861.12357237112
1.5470095632652735e-27    20834.49385744603
1.5827472510799221e-27    20807.678232149363
1.619324625908887e-27    20780.67068582541
1.6567625337972964e-27    20753.464944045114
1.695082417120812e-27    20726.054454291272
1.734306337165871e-27    20698.432370639122
1.7744569979502695e-27    20670.591537348806
1.815557771379007e-27    20642.52447127975
1.8576327238377434e-27    20614.22334302717
1.9007066443375526e-27    20585.67995667217
1.944805074334321e-27    20556.885728024336
1.9899543393598295e-27    20527.831661224976
2.036181582613935e-27    20498.508323565777
2.083514800683919e-27    20468.905818360636
2.131982881573041e-27    20439.013755694446
2.1816156452407275e-27    20408.82122085126
2.23244388687739e-27    20378.316740204278
2.284499423162117e-27    20347.488244327255
2.3378151417781578e-27    20316.323028058985
2.3924250544923418e-27    20284.807707225384
2.4483643541393296e-27    20252.928171687243
2.5056694758909935e-27    20220.66953434887
2.5643781632358778e-27    20188.01607571773
2.6245295391441412e-27    20154.951183561938
2.686164182951164e-27    20121.457287158722
2.749324213557641e-27    20087.51578556998
2.8140533796190775e-27    20053.10696931849
2.88039715748101e-27    20018.209934765277
2.9484028577135808e-27    19982.802490413367
3.0181197412075817e-27    19946.86105427555
3.0895991459198808e-27    19910.360541353293
3.1628946254968723e-27    19873.274240176546
3.238062101167294e-27    19835.57367724689
3.315160028477168e-27    19797.22846812535
3.394249580648197e-27    19758.206153796327
3.4753948505726774e-27    19718.472020843885
3.558663073720961e-27    19677.988903888516
3.644124874527736e-27    19636.71696867676
3.731854539146526e-27    19594.61347419374
3.821930317812435e-27    19551.632512211803
3.914434760433315e-27    19507.724722819778
4.009455089428428e-27    19462.83698472782
4.1070836142468225e-27    19416.912079563375
4.2074181924047594e-27    19369.888330016238
4.3105627422647226e-27    19321.699212621807
4.416627813102952e-27    19272.27294726878
4.5257312182383116e-27    19221.5320672769
4.6379987370656356e-27    19169.392976197414
4.75356489168229e-27    19115.765500455036
4.87257380333233e-27    19060.552450655265
4.99518013301743e-27    19003.649208898685
5.121550109228105e-27    18944.94336478757
5.251862643713836e-27    18884.314428928643
5.3863105334294235e-27    18821.633659461808
5.5251017431787135e-27    18756.764044157033
5.668460758989329e-27    18689.560487407703
5.816629996929745e-27    18619.870257263472
5.969871246077987e-27    18547.53375148762
6.128467117968454e-27    18472.38564226289
6.292722468563267e-27    18394.256455190553
6.462965753295595e-27    18312.974628176184
6.639550271876376e-27    18228.369078387288
6.82285525834114e-27    18140.27227986492
7.013286774260307e-27    18048.523820562776
7.21127837005117e-27    17952.974366697417
7.417291491472416e-27    17853.489916902003
7.631815625694623e-27    17749.956182876143
7.855368203110178e-27    17642.28289243084
8.088494295767684e-27    17530.407781214475
8.331766178679715e-27    17414.300026980363
8.585782843434887e-27    17293.962889708782
8.851169571548803e-27    17169.435354444067
9.128577685208938e-27    17040.79263021502
9.418684593761085e-27    16908.145433138816
9.722194244995053e-27    16771.638066875024
1.0039838071965526e-26    16631.44539916628
1.0372376500987298e-26    16487.768909195907
1.0720601057698875e-26    16340.832038333574
1.1085337079165077e-26    16190.87511087364
1.1467447014068974e-26    16038.150099650045
1.1867834272590155e-26    15882.915495612278
1.2287447573987843e-26    15725.43150519424
1.2727285733571499e-26    15565.955750991905
1.3188402831054862e-26    15404.739596783898
1.367191370803109e-26    15242.025163597727
1.4178999751882455e-26    15078.043054319549
1.4710914935221476e-26    14913.010763560771
1.5268992092459889e-26    14747.131718729313
1.5854649427132917e-26    14580.594877695257
1.6469397254309554e-26    14413.574797200727
1.7114844991272526e-26    14246.232082731696
1.7792708416402805e-26    14078.714133143107
1.850481722081222e-26    13911.156100101418
1.9253122879828706e-26    13743.681991760319
2.0039706872128065e-26    13576.40586066978
2.0866789273312062e-26    13409.433026709543
2.1736737748252688e-26    13242.861296105697
2.2652076962699284e-26    13076.782146874477
2.3615498429598728e-26    12911.281859086708
2.4629870799362114e-26    12746.442575074489
2.5698250595944475e-26    12582.343280130872
2.6823893392055954e-26    12419.060698480394
2.801026540703955e-26    12256.670102465047
2.926105549984033e-26    12095.246035149145
3.0580187516967365e-26    11934.862948059525
3.197183294129915e-26    11775.595756694443
3.344042377193508e-26    11617.52031689001
3.499066554795455e-26    11460.713825247154
3.662755040991666e-26    11305.255146696138
3.83563700721906e-26    11151.225071993838
4.01827285568969e-26    10998.706507578721
4.2112554516464254e-26    10847.784599807861
4.415211294693269e-26    10698.546795209915
4.630801606846364e-26    10551.082838046397
4.8587233123706796e-26    10405.484706200758
5.0997098819313173e-26    10261.84648623728
5.354532011196088e-26    10120.264188398369
5.623998101872919e-26    9980.8355023501
5.90895451138449e-26    9843.659494649193
6.210285536104832e-26    9708.836249186923
6.52891309247183e-26    9576.466452269222
6.865796060500193e-26    9446.650924506988
7.221929255430478e-26    9319.490102311065
7.598341995612792e-26    9195.083472497057
7.996096238399761e-26    9073.528964290403
8.416284260919614e-26    8954.922303864338
8.860025869210434e-26    8839.356337415134
9.328465127324192e-26    8726.92032966109
9.822766607624977e-26    8617.699245508553
1.0344111174445458e-25    8511.773023436228
1.0893691325322612e-25    8409.215849872257
1.147270612683349e-25    8310.09544444784
1.208235579518188e-25    8214.4723664746
1.2723835984564745e-25    8122.399353282002
1.339833185838496e-25    8033.920701139919
1.4107012028849357e-25    7949.0716993577735
1.4851022458746103e-25    7867.878127780591
1.5631480424504871e-25    7790.35582728283
1.6449468641469368e-25    7716.510351992131
1.7306029650124094e-25    7646.336710863508
1.8202160555588427e-25    7579.819204884246
1.9138808201893787e-25    7516.931364647138
2.0116864847627944e-25    7457.635991315798
2.1137164390851643e-25    7401.885302164516
2.220047916951086e-25    7349.621179953502
2.3307517339729783e-25    7300.775523453624
2.445892080951387e-25    7255.270694522452
2.56552636806187e-25    7213.02005531291
2.689705112790976e-25    7173.928587528661
2.818471862449181e-25    7137.893584177904
2.9518631403281674e-25    7104.805403070249
3.0899084032219807e-25    7074.5482703855805
3.232629997155093e-25    7047.001122047246
3.380043097770337e-25    7022.038470367022
3.5321556219293374e-25    6999.531283497047
3.6889680976289897e-25    6979.347865606497
3.850473480297453e-25    6961.354726374325
4.016656904827991e-25    6945.417429311857
4.187495364274606e-25    6931.401409553522
4.362957307883708e-25    6919.172753027926
4.543002153013029e-25    6908.598930285654
4.727579707417403e-25    6899.549479662311
4.916629500325935e-25    6891.896635839442
5.110080022648652e-25    6885.515901189063
5.307847878525423e-25    6880.286558508172
5.509836852247933e-25    6876.092124841087
5.715936896362616e-25    6872.820747027351
5.926023048502086e-25    6870.3655403926805
6.139954286223969e-25    6868.624872616658
6.357572330870386e-25    6867.502595268867
6.578700413228724e-25    6866.908225816518
6.803142015580917e-25    6866.757083086898
7.030679606595196e-25    6866.970379234154
7.261073387429011e-25    6867.475271234607
7.494060069380106e-25    6868.204874833963
7.729351705409569e-25    6869.0982437181965
7.966634599843923e-25    6870.100316489844
8.20556832248932e-25    6871.16183382367
8.445784855203368e-25    6872.239227962169
8.686887900595996e-25    6873.294486503614
8.928452383884324e-25    6874.294992244188
9.170024179913843e-25    6875.213340667997
9.411120097874689e-25    6876.027136539248
9.651228156176789e-25    6876.718770945366
9.889808179190606e-25    6877.275180068053
1.0126292745999669e-24    6877.687586924456
1.0360088518844985e-24    6877.951227320754
1.0590577975480939e-24    6878.065061295078
1.0817121565138962e-24    6878.03147139358
1.1039060302165997e-24    6877.855949218203
1.1255718804667891e-24    6877.5467718055315
1.1466408777668942e-24    6877.11466953592
1.1670432931495308e-24    6876.572487428343
1.1867089316416773e-24    6875.9348418399295
1.205567604425195e-24    6875.217774757829
1.2235496356876684e-24    6874.43840803404
1.2405863990694054e-24    6873.61460006778
1.2566108775450026e-24    6872.764607575656
1.2715582395706607e-24    6871.9067552019
1.2853664234197855e-24    6871.059115802236
1.2979767208617122e-24    6870.239204279759
1.3093343507484513e-24    6869.463687854934
1.3193890127002286e-24    6868.748115608891
1.3280954109492621e-24    6868.106670049098
1.3354137385375825e-24    6867.551943305288
1.341310112478307e-24    6867.094740372324
1.3457569511849616e-24    6866.74391157787
1.3487332864375756e-24    6866.506216167129
1.350225003367205e-24    6866.386218572011
1.350225003367205e-24    6866.386218572011
1.3487332864375756e-24    6866.506216167129
1.3457569511849616e-24    6866.74391157787
1.341310112478307e-24    6867.094740372324
1.3354137385375825e-24    6867.551943305288
1.3280954109492621e-24    6868.106670049098
1.3193890127002286e-24    6868.748115608891
1.3093343507484513e-24    6869.463687854934
1.2979767208617122e-24    6870.239204279759
1.2853664234197855e-24    6871.059115802236
1.2715582395706607e-24    6871.9067552019
1.2566108775450026e-24    6872.764607575656
1.2405863990694054e-24    6873.61460006778
1.2235496356876684e-24    6874.43840803404
1.205567604425195e-24    6875.217774757829
1.1867089316416773e-24    6875.9348418399295
1.1670432931495308e-24    6876.572487428343
1.1466408777668942e-24    6877.11466953592
1.1255718804667891e-24    6877.5467718055315
1.1039060302165997e-24    6877.855949218203
1.0817121565138962e-24    6878.03147139358
1.0590577975480939e-24    6878.065061295078
1.0360088518844985e-24    6877.951227320754
1.0126292745999669e-24    6877.687586924456
9.889808179190606e-25    6877.275180068053
9.651228156176789e-25    6876.718770945366
9.411120097874689e-25    6876.027136539248
9.170024179913843e-25    6875.213340667997
8.928452383884324e-25    6874.294992244188
8.686887900595996e-25    6873.294486503614
8.445784855203368e-25    6872.239227962169
8.20556832248932e-25    6871.16183382367
7.966634599843923e-25    6870.100316489844
7.729351705409569e-25    6869.0982437181965
7.494060069380106e-25    6868.204874833963
7.261073387429011e-25    6867.475271234607
7.030679606595196e-25    6866.970379234154
6.803142015580917e-25    6866.757083086898
6.578700413228724e-25    6866.908225816518
6.357572330870386e-25    6867.502595268867
6.139954286223969e-25    6868.624872616658
5.926023048502086e-25    6870.3655403926805
5.715936896362616e-25    6872.820747027351
5.509836852247933e-25    6876.092124841087
5.307847878525423e-25    6880.286558508172
5.110080022648652e-25    6885.515901189063
4.916629500325935e-25    6891.896635839442
4.727579707417403e-25    6899.549479662311
4.543002153013029e-25    6908.598930285654
4.362957307883708e-25    6919.172753027926
4.187495364274606e-25    6931.401409553522
4.016656904827991e-25    6945.417429311857
3.850473480297453e-25    6961.354726374325
3.6889680976289897e-25    6979.347865606497
3.5321556219293374e-25    6999.531283497047
3.380043097770337e-25    7022.038470367022
3.232629997155093e-25    7047.001122047246
3.0899084032219807e-25    7074.5482703855805
2.9518631403281674e-25    7104.805403070249
2.818471862449181e-25    7137.893584177904
2.689705112790976e-25    7173.928587528661
2.56552636806187e-25    7213.02005531291
2.445892080951387e-25    7255.270694522452
2.3307517339729783e-25    7300.775523453624
2.220047916951086e-25    7349.621179953502
2.1137164390851643e-25    7401.885302164516
2.0116864847627944e-25    7457.635991315798
1.9138808201893787e-25    7516.931364647138
1.8202160555588427e-25    7579.819204884246
1.7306029650124094e-25    7646.336710863508
1.6449468641469368e-25    7716.510351992131
1.5631480424504871e-25    7790.35582728283
1.4851022458746103e-25    7867.878127780591
1.4107012028849357e-25    7949.0716993577735
1.339833185838496e-25    8033.920701139919
1.2723835984564745e-25    8122.399353282002
1.208235579518188e-25    8214.4723664746
1.147270612683349e-25    8310.09544444784
1.0893691325322612e-25    8409.215849872257
1.0344111174445458e-25    8511.773023436228
9.822766607624977e-26    8617.699245508553
9.328465127324192e-26    8726.92032966109
8.860025869210434e-26    8839.356337415134
8.416284260919614e-26    8954.922303864338
7.996096238399761e-26    9073.528964290403
7.598341995612792e-26    9195.083472497057
7.221929255430478e-26    9319.490102311065
6.865796060500193e-26    9446.650924506988
6.52891309247183e-26    9576.466452269222
6.210285536104832e-26    9708.836249186923
5.90895451138449e-26    9843.659494649193
5.623998101872919e-26    9980.8355023501
5.354532011196088e-26    10120.264188398369
5.0997098819313173e-26    10261.84648623728
4.8587233123706796e-26    10405.484706200758
4.630801606846364e-26    10551.082838046397
4.415211294693269e-26    10698.546795209915
4.2112554516464254e-26    10847.784599807861
4.01827285568969e-26    10998.706507578721
3.83563700721906e-26    11151.225071993838
3.662755040991666e-26    11305.255146696138
3.499066554795455e-26    11460.713825247154
3.344042377193508e-26    11617.52031689001
3.197183294129915e-26    11775.595756694443
3.0580187516967365e-26    11934.862948059525
2.926105549984033e-26    12095.246035149145
2.801026540703955e-26    12256.670102465047
2.6823893392055954e-26    12419.060698480394
2.5698250595944475e-26    12582.343280130872
2.4629870799362114e-26    12746.442575074489
2.3615498429598728e-26    12911.281859086708
2.2652076962699284e-26    13076.782146874477
2.1736737748252688e-26    13242.861296105697
2.0866789273312062e-26    13409.433026709543
2.0039706872128065e-26    13576.40586066978
1.9253122879828706e-26    13743.681991760319
1.850481722081222e-26    13911.156100101418
1.7792708416402805e-26    14078.714133143107
1.7114844991272526e-26    14246.232082731696
1.6469397254309554e-26    14413.574797200727
1.5854649427132917e-26    14580.594877695257
1.5268992092459889e-26    14747.131718729313
1.4710914935221476e-26    14913.010763560771
1.4178999751882455e-26    15078.043054319549
1.367191370803109e-26    15242.025163597727
1.3188402831054862e-26    15404.739596783898
1.2727285733571499e-26    15565.955750991905
1.2287447573987843e-26    15725.43150519424
1.1867834272590155e-26    15882.915495612278
1.1467447014068974e-26    16038.150099650045
1.1085337079165077e-26    16190.87511087364
1.0720601057698875e-26    16340.832038333574
1.0372376500987298e-26    16487.768909195907
1.0039838071965526e-26    16631.44539916628
9.722194244995053e-27    16771.638066875024
9.418684593761085e-27    16908.145433138816
9.128577685208938e-27    17040.79263021502
8.851169571548803e-27    17169.435354444067
8.585782843434887e-27    17293.962889708782
8.331766178679715e-27    17414.300026980363
8.088494295767684e-27    17530.407781214475
7.855368203110178e-27    17642.28289243084
7.631815625694623e-27    17749.956182876143
7.417291491472416e-27    17853.489916902003
7.21127837005117e-27    17952.974366697417
7.013286774260307e-27    18048.523820562776
6.82285525834114e-27    18140.27227986492
6.639550271876376e-27    18228.369078387288
6.462965753295595e-27    18312.974628176184
6.292722468563267e-27    18394.256455190553
6.128467117968454e-27    18472.38564226289
5.969871246077987e-27    18547.53375148762
5.816629996929745e-27    18619.870257263472
5.668460758989329e-27    18689.560487407703
5.5251017431787135e-27    18756.764044157033
5.3863105334294235e-27    18821.633659461808
5.251862643713836e-27    18884.314428928643
5.121550109228105e-27    18944.94336478757
4.99518013301743e-27    19003.649208898685
4.87257380333233e-27    19060.552450655265
4.75356489168229e-27    19115.765500455036
4.6379987370656356e-27    19169.392976197414
4.5257312182383116e-27    19221.5320672769
4.416627813102952e-27    19272.27294726878
4.3105627422647226e-27    19321.699212621807
4.2074181924047594e-27    19369.888330016238
4.1070836142468225e-27    19416.912079563375
4.009455089428428e-27    19462.83698472782
3.914434760433315e-27    19507.724722819778
3.821930317812435e-27    19551.632512211803
3.731854539146526e-27    19594.61347419374
3.644124874527736e-27    19636.71696867676
3.558663073720961e-27    19677.988903888516
3.4753948505726774e-27    19718.472020843885
3.394249580648197e-27    19758.206153796327
3.315160028477168e-27    19797.22846812535
3.238062101167294e-27    19835.57367724689
3.1628946254968723e-27    19873.274240176546
3.0895991459198808e-27    19910.360541353293
3.0181197412075817e-27    19946.86105427555
2.9484028577135808e-27    19982.802490413367
2.88039715748101e-27    20018.209934765277
2.8140533796190775e-27    20053.10696931849
2.749324213557641e-27    20087.51578556998
2.686164182951164e-27    20121.457287158722
2.6245295391441412e-27    20154.951183561938
2.5643781632358778e-27    20188.01607571773
2.5056694758909935e-27    20220.66953434887
2.4483643541393296e-27    20252.928171687243
2.3924250544923418e-27    20284.807707225384
2.3378151417781578e-27    20316.323028058985
2.284499423162117e-27    20347.488244327255
2.23244388687739e-27    20378.316740204278
2.1816156452407275e-27    20408.82122085126
2.131982881573041e-27    20439.013755694446
2.083514800683919e-27    20468.905818360636
2.036181582613935e-27    20498.508323565777
1.9899543393598295e-27    20527.831661224976
1.944805074334321e-27    20556.885728024336
1.9007066443375526e-27    20585.67995667217
1.8576327238377434e-27    20614.22334302717
1.815557771379007e-27    20642.52447127975
1.7744569979502695e-27    20670.591537348806
1.734306337165871e-27    20698.432370639122
1.695082417120812e-27    20726.054454291272
1.6567625337972964e-27    20753.464944045114
1.619324625908887e-27    20780.67068582541
1.5827472510799221e-27    20807.678232149363
1.5470095632652735e-27    20834.49385744603
1.5120912913251792e-27    20861.12357237112
1.4779727186754442e-27    20887.573137192376
1.4446346639416366e-27    20913.848074313035
1.4120584625500098e-27    20939.953679998696
1.3802259491950728e-27    20965.895035363697
1.349119441126837e-27    20991.677016670186
1.3187217222069424e-27    21017.304304988706
1.2890160276850767e-27    21042.781395264377
1.2599860296526318e-27    21068.11260483001
1.2316158231319918e-27    21093.30208140375
1.2038899127647672e-27    21118.353810605633
1.1767932000631585e-27    21143.271623024364
1.1503109711931497e-27    21168.05920086579
1.124428885258468e-27    21192.720084207303
1.0991329630586049e-27    21217.25767688556
1.0744095762937382e-27    21241.675252039582
1.0502454371937651e-27    21265.975957330553
1.026627588547599e-27    21290.162819858866
1.0035433941131535e-27    21314.23875079537
9.809805293870633e-28    21338.206549745108
9.589269727172508e-28    21362.068908859037
9.373709967398151e-28    21385.82841670687
9.16301160125705e-28    21409.487561926577
8.957062996206847e-28    21433.048736661458
8.755755223660278e-28    21456.51423979717
8.558981984852496e-28    21479.886280010014
8.366639539259769e-28    21503.166978634523
8.178626635438138e-28    21526.35837236208
7.9948444441871575e-28    21549.46241577763
7.815196493920792e-28    21572.480983742764
7.639588608162987e-28    21595.415873633796
7.467928845061302e-28    21618.268807440036
7.300127438846992e-28    21641.041433729868
7.136096743144665e-28    21663.735329491163
6.975751176069567e-28    21686.352001850053
6.819007167023962e-28    21708.8928896758
6.665783105138807e-28    21731.359365073866
6.5159992892798685e-28    21753.752734774724
6.369577879571564e-28    21776.074241421557
6.2264428503638655e-28    21798.3250647605
6.086519944602545e-28    21820.50632273917
5.949736629533141e-28    21842.6190725163
5.816022053704659e-28    21864.664311386907
5.685307005208609e-28    21886.642977626005
5.557523871123869e-28    21908.55595125648
5.432606598107804e-28    21930.40405474259
5.310490654107999e-28    21952.188053614722
5.191112991139298e-28    21973.908657029675
5.074412009104032e-28    21995.56651826919
4.960327520603779e-28    22017.16223518222
4.848800716723493e-28    22038.69635057623
4.739774133740017e-28    22060.169352561832
4.633191620738015e-28    22081.581674856687
4.528998308088755e-28    22102.933697055658
4.427140576776824e-28    22124.22574487291
4.327566028533042e-28    22145.458090365082
4.230223456760391e-28    22166.630952143274
4.135062818214227e-28    22187.744495583174
4.042035205424552e-28    22208.798833046065
3.9510928198246444e-28    22229.79402412092
3.862188945574489e-28    22250.730075903022
3.7752779240461326e-28    22271.606943324008
3.6903151289599185e-28    22292.42452955106
3.6072569421413433e-28    22313.18268647706
3.5260607298876475e-28    22333.881215321344
3.446684819916611e-28    22354.519867370655
3.3690884788866576e-28    22375.09834488554
3.293231890463112e-28    22395.616302207512
3.219076133919592e-28    22416.073347104117
3.146583163251814e-28    22436.46904239109
3.0757157867924923e-28    22456.80290788106
3.006437647306871e-28    22477.074422710026
2.9387132025570835e-28    22497.283028100574
2.872507706317169e-28    22517.428130628836
2.8077871898264452e-28    22537.509106067493
2.7445184436650284e-28    22557.525303888426
2.6826690000387943e-28    22577.476052516256
2.622207115459407e-28    22597.36066543597
2.563101753806235e-28    22617.178448266695
2.505322569757558e-28    22636.928706929135
2.4488398925773623e-28    22656.610757046732
2.393624710246824e-28    22676.22393473301
2.3396486539262166e-28    22695.767608939608
2.2868839827379605e-28    22715.24119555006
2.2353035688560463e-28    22734.644173429395
2.184880882893979e-28    22753.976102657358
2.1355899795761048e-28    22773.236645196033
2.0874054836857347e-28    22792.42558826804
2.040302576274576e-28    22811.542870745845
1.9942569811281575e-28    22830.588612883257
1.9492449514714047e-28    22849.563149747755
1.9052432569102153e-28    22868.467068748956
1.8622291705930574e-28    22887.301251688394
1.8201804565893689e-28    22906.06692179838
1.77907535746891e-28    22924.76569627306
1.7388925820796806e-28    22943.3996448406
1.6996112935088386e-28    22961.971354970185
1.6612110972251896e-28    22980.484004352664
1.6236720293880476e-28    22998.94144134889
1.5869745453221953e-28    23017.34827414891
1.5510995081443888e-28    23035.70996944324
1.5160281775425097e-28    23054.032961465557
1.481742198693826e-28    23072.32477232545
1.448223591325252e-28    23090.59414461194
1.4154547389035476e-28    23108.851187312634
1.3834183779608196e-28    23127.10753615534
1.3520975875453248e-28    23145.376529540456
1.3214757788063917e-28    23163.673401294458
1.2915366847063693e-28    23182.01549153116
1.2622643498731368e-28    23200.42247695633
1.233643120590276e-28    23218.91662199293
1.2056576349449177e-28    23237.52305213654
1.178292813136047e-28    23256.270050962998
1.151533847972309e-28    23275.18938220321
1.1253661955697665e-28    23294.31663826878
1.0997755662908957e-28    23313.691616547374
1.074747915945441e-28    23333.358724677943
1.0502694373107026e-28    23353.36741586384
1.0263265520052075e-28    23373.77265506161
1.0029059027942047e-28    23394.635416597914
9.799943463778581e-29    23416.023213395303
9.575789467665667e-29    23438.010657511444
9.356469693145842e-29    23460.68005111423
9.141858755473513e-29    23484.1220062999
8.931833188763243e-29    23508.436091296888
8.726271413712865e-29    23533.73149958823
8.525053717061224e-29    23560.127737291506
8.328062244828336e-29    23587.755322777895
8.135181010663061e-29    23616.756490972646
7.946295921631616e-29    23647.28589308301
7.761294822793049e-29    23679.511280653038
7.580067563015176e-29    23713.614160905647
7.402506083121708e-29    23749.790408347737
7.228504528634121e-29    23788.250815677122
7.057959387494528e-29    23829.221565245487
6.890769654356533e-29    23872.9446008523
6.726837020488087e-29    23919.677878628394
6.566066089541604e-29    23969.695475427256
6.408364616107681e-29    24023.287533679497
6.253643765241795e-29    24080.760023317394
6.101818386962618e-29    24142.43430433841
5.952807301241019e-29    24208.646478043458
5.806533584039861e-29    24279.746521029665
5.662924847117564e-29    24356.097203690613
5.521913498847826e-29    24438.072804094296
5.383436976697153e-29    24526.05763842858
5.247437936456523e-29    24620.444440209852
5.113864388688919e-29    24721.632631521756
4.982669767633052e-29    24830.026539851126
4.8538129258023715e-29    24946.03362274847
4.727258042739413e-29    25070.062768600954
4.602974447292949e-29    25202.522744476046
4.4809363479814913e-29    25343.82086060886
4.3611224794986226e-29    25494.361915388552
4.243515667423123e-29    25654.547474686293
4.1281023284186497e-29    25824.775525610297
4.0148719144053815e-29    26005.440528143034
3.9038163251825584e-29    26196.933869910397
3.7949293008295724e-29    26399.644710934055
3.688205821543365e-29    26613.961188170073
3.5836415241582244e-29    26840.27193519396
3.481232161764025e-29    27078.967861670382
3.380973109076196e-29    27330.4441307957
3.2828589356578965e-29    27595.102271007294
3.186883040419711e-29    27873.35236054331
3.0930373644856714e-29    28165.61522943659
3.001312166319297e-29    28472.324632196283
2.9116958727895124e-29    28793.929354939104
2.8241749819742213e-29    29130.895231863815
2.7387340309618917e-29    29483.70705700669
2.6553555983988735e-29    29852.870387185467
2.574020357881194e-29    30238.913240665297
2.4947071475036957e-29    30642.387702755055
2.417393077237151e-29    31063.871454510154
2.3420536356152132e-29    31503.96924367427
2.2686628249207694e-29    31963.314318593126
2.1971932820176472e-29    32442.56984585746
2.1276164228773906e-29    32942.4303318233
2.0599025621860858e-29    33463.62306649449
1.9940210560892453e-29    34006.909606768495
1.9299404115849858e-29    34573.087313789714
1.867628422042524e-29    35162.99095784465
1.807052261794988e-29    35777.4944020342
1.748178612762555e-29    36417.51237542092
1.6909737422016982e-29    37084.00234441829
1.635403620985635e-29    37777.9664916145
1.581433983665862e-29    38500.45380954775
1.5290304401262313e-29    39252.56231816041
1.4781585175435512e-29    40035.44141329397
1.428783767623412e-29    40850.29435500675
1.3808717901810055e-29    41698.38090381241
1.3343883381917365e-29    42581.020113493556
1.289299322861756e-29    43499.59329002176
1.2455709183868971e-29    44455.54712446282
1.203169548687193e-29    45450.39701144786
1.1620619932412772e-29    46485.730560314594
1.1222153560610578e-29    47563.21131306182
1.0835971736689602e-29    48684.58267789028
1.0461753669747511e-29    49851.67209381195
1.0099183530562598e-29    51066.39544295089
9.747949793935531e-30    52330.76171974475
9.407746434751465e-30    53646.87799257447
9.07827204894913e-30    55016.95464154659
8.759231221165453e-30    56443.31094697984
8.450333299264349e-30    57928.380955266846
8.151294123484051e-30    59474.71977060337
7.861834203857279e-30    61085.01010282829
7.581681146655973e-30    62762.06933784627
7.310566822079151e-30    64508.85682903603
7.048230998449837e-30    66328.48181558543
6.794416923577283e-30    68224.21154002128
6.548876820128876e-30    70199.48004709704
6.311365212895212e-30    72257.89724477644
6.081646948153187e-30    74403.2585522945
5.859487692598247e-30    76639.55512231753
5.6446648913483806e-30    78970.98431796448
5.4369552553734834e-30    81401.96159667625
5.2361484782917e-30    83937.13202285874
5.0420322849369495e-30    86581.38470554646
4.8544078145387366e-30    89339.8656613988
4.673073914879584e-30    92217.99545486123
4.497841970415127e-30    95221.48387345843
4.3285225264422405e-30    98356.34480101557
4.164944779246128e-30    101628.6742015609
4.0070390481676674e-30    105042.34182241319
3.8548087048546236e-30    108598.76610991634
3.708229344273881e-30    112299.0165192792
3.5672539495062836e-30    116144.02967551936
3.431800722900811e-30    120134.60093261643
3.301778548621693e-30    124271.35731715626
3.177065723516793e-30    128554.73977290963
3.0575422076506545e-30    132984.97925740015
2.943060053895841e-30    137562.07709955468
2.8334822329080766e-30    142285.78401264976
2.7286447847132124e-30    147155.57991102597
2.6284028930356943e-30    152170.65651673242
2.532584010692203e-30    157329.89716744132
2.4410425111621427e-30    162631.8633622141
2.3536024634420702e-30    168074.77481780364
2.2701226519429446e-30    173656.50064104985
2.1904272200132805e-30    179374.53983950082
2.1143832273507627e-30    185226.01823910655
2.0418169862076467e-30    191207.66943003153
1.9726066751146705e-30    197315.8388869532
1.906581811530919e-30    203546.46488287667
1.843633794818651e-30    209895.09156698486
1.7835955663397083e-30    216356.84876293308
1.7263733339520192e-30    222926.4761131365
1.6718030504333817e-30    229598.29989894977
1.6198069877546187e-30    236366.27079584938
1.570223208323916e-30    243223.93482672292
1.5229911161619844e-30    250164.48784962913
1.4779495963652377e-30    257180.73657634182
1.4350561753689985e-30    264265.17408962344
1.3941489556490094e-30    271409.926041258
1.3552045732506793e-30    278606.85379951727
1.3180584631679677e-30    285847.4779499691
1.2827076319887956e-30    293123.06586836796
1.2489850288354025e-30    300424.0721138083
1.2169112545897596e-30    307740.655294446
1.1863115323568955e-30    315062.7605342839
1.1572278588777592e-30    322380.3626070022
1.1294746603758773e-30    329683.23720593983
1.1031175705714704e-30    336961.24918252055
1.0779580651848009e-30    344204.0433531256
1.0540877542498619e-30    351401.4218449602
1.0312925612017007e-30    358542.928669185
1.0096925359551144e-30    365618.33834998636
9.890550812479384e-31    372617.10252419865
9.695313876919384e-31    379528.978644903
9.508670387032386e-31    386343.3006222833
9.332473878420966e-31    393049.7836199395
9.16392580652147e-31    399637.5728502736
9.005255514979225e-31    406096.2685430708
8.8533706576808e-31    412414.69759581226
8.710915253040364e-31    418582.2119508404
8.574460376111696e-31    424587.11686633
8.447109055695155e-31    430418.3062190943
8.325049511767374e-31    436063.2686261917
8.211894469744753e-31    441510.13453589677
8.103399404904916e-31    446745.1672859428
8.003744813027904e-31    451755.30914461974
7.908199910905386e-31    456525.0488043649
7.8215796810732124e-31    461039.5666750003
7.738610140547813e-31    465280.85380680574
7.664817671091064e-31    469231.57071122783
7.594325229559464e-31    472870.2764064227
7.533459215889435e-31    476176.1296091512
7.4756760370380705e-31    479123.0520204669
7.4282113897560734e-31    481685.1149533405
7.383886726821696e-31    483830.670982404
