36
0
2.
0.
0.
0.
0.
0.
0.
0.
0.
0.
0.
0.
0.
0.
0.
0.
0.
0.
0.
0.
0.
0.
0.
0.
0.
0.
0.
0.
0.
0.
0.
0.
0.
0.
0.
0.
0.
0.
0.
0.
0.
0.
0.
0.
0.
0.
0.
0.
0.
0.
0.
0.
0.
0.
0.
0.
0.
0.
0.
0.
0.
0.
0.
0.
0.
0.
0.
0.
0.
0.
0.
-0.5773503
1.
0.57735
1.
0.
0.
0.
0.
0.
0.
0.
0.
0.
0.
0.
0.
0.
0.
0.
0.
0.
0.
0.
0.
0.
0.
0.
0.
0.
0.
0.
0.
0.
0.
0.
0.
0.
0.
0.
0.
0.
0.
0.
0.
0.
0.
0.
0.
0.
0.
0.
0.
0.
0.
0.
0.
0.
0.
0.
0.
0.
0.
0.
0.
0.
0.
0.
0.
0.
0.
0.
0.
-0.774597
0.5555556
0.e-6
0.8888889
0.774597
0.5555556
0.
0.
0.
0.
0.
0.
0.
0.
0.
0.
0.
0.
0.
0.
0.
0.
0.
0.
0.
0.
0.
0.
0.
0.
0.
0.
0.
0.
0.
0.
0.
0.
0.
0.
0.
0.
0.
0.
0.
0.
0.
0.
0.
0.
0.
0.
0.
0.
0.
0.
0.
0.
0.
0.
0.
0.
0.
0.
0.
0.
0.
0.
0.
0.
0.
0.
-0.861136
0.3478548
-0.339981
0.6521452
0.339981
0.6521452
0.861136
0.3478548
0.
0.
0.
0.
0.
0.
0.
0.
0.
0.
0.
0.
0.
0.
0.
0.
0.
0.
0.
0.
0.
0.
0.
0.
0.
0.
0.
0.
0.
0.
0.
0.
0.
0.
0.
0.
0.
0.
0.
0.
0.
0.
0.
0.
0.
0.
0.
0.
0.
0.
0.
0.
0.
0.
0.
0.
0.
0.
0.
0.
0.
0.
0.
0.
-0.90618
0.2369269
-0.538469
0.4786287
0.
0.5688889
0.53847
0.4786287
0.90618
0.2369269
0.
0.
0.
0.
0.
0.
0.
0.
0.
0.
0.
0.
0.
0.
0.
0.
0.
0.
0.
0.
0.
0.
0.
0.
0.
0.
0.
0.
0.
0.
0.
0.
0.
0.
0.
0.
0.
0.
0.
0.
0.
0.
0.
0.
0.
0.
0.
0.
0.
0.
0.
0.
0.
0.
0.
0.
0.
0.
0.
0.
0.
0.
-0.93247
0.1713245
-0.661209
0.3607616
-0.238619
0.4679139
0.23862
0.4679139
0.66121
0.3607616
0.93247
0.1713245
0.
0.
0.
0.
0.
0.
0.
0.
0.
0.
0.
0.
0.
0.
0.
0.
0.
0.
0.
0.
0.
0.
0.
0.
0.
0.
0.
0.
0.
0.
0.
0.
0.
0.
0.
0.
0.
0.
0.
0.
0.
0.
0.
0.
0.
0.
0.
0.
0.
0.
0.
0.
0.
0.
0.
0.
0.
0.
0.
0.
-0.94911
0.129485
-0.741531
0.2797054
-0.40585
0.3818301
0.
0.4179592
0.40585
0.3818301
0.74153
0.2797054
0.94911
0.129485
0.
0.
0.
0.
0.
0.
0.
0.
0.
0.
0.
0.
0.
0.
0.
0.
0.
0.
0.
0.
0.
0.
0.
0.
0.
0.
0.
0.
0.
0.
0.
0.
0.
0.
0.
0.
0.
0.
0.
0.
0.
0.
0.
0.
0.
0.
0.
0.
0.
0.
0.
0.
0.
0.
0.
0.
0.
0.
-0.96029
0.1012285
-0.796666
0.222381
-0.52553
0.3137066
-0.18343
0.3626838
0.18343
0.3626838
0.52553
0.3137066
0.79667
0.222381
0.96029
0.1012285
0.
0.
0.
0.
0.
0.
0.
0.
0.
0.
0.
0.
0.
0.
0.
0.
0.
0.
0.
0.
0.
0.
0.
0.
0.
0.
0.
0.
0.
0.
0.
0.
0.
0.
0.
0.
0.
0.
0.
0.
0.
0.
0.
0.
0.
0.
0.
0.
0.
0.
0.
0.
0.
0.
0.
0.
-0.96816
0.08127439
-0.836031
0.1806482
-0.61337
0.2606107
-0.32425
0.3123471
0.
0.3302394
0.32425
0.3123471
0.61337
0.2606107
0.83603
0.1806482
0.96816
0.08127439
0.
0.
0.
0.
0.
0.
0.
0.
0.
0.
0.
0.
0.
0.
0.
0.
0.
0.
0.
0.
0.
0.
0.
0.
0.
0.
0.
0.
0.
0.
0.
0.
0.
0.
0.
0.
0.
0.
0.
0.
0.
0.
0.
0.
0.
0.
0.
0.
0.
0.
0.
0.
0.
0.
-0.97391
0.06667134
-0.86506
0.1494513
-0.67941
0.2190864
-0.4334
0.2692667
-0.14887
0.2955242
0.14887
0.2955242
0.4334
0.2692667
0.67941
0.2190864
0.86506
0.1494513
0.97391
0.06667134
0.
0.
0.
0.
0.
0.
0.
0.
0.
0.
0.
0.
0.
0.
0.
0.
0.
0.
0.
0.
0.
0.
0.
0.
0.
0.
0.
0.
0.
0.
0.
0.
0.
0.
0.
0.
0.
0.
0.
0.
0.
0.
0.
0.
0.
0.
0.
0.
0.
0.
0.
0.
-0.97823
0.05566857
-0.88706
0.1255804
-0.73015
0.1862902
-0.5191
0.2331938
-0.26954
0.2628045
0.
0.2729251
0.26954
0.2628045
0.5191
0.2331938
0.73015
0.1862902
0.88706
0.1255804
0.97823
0.05566857
0.
0.
0.
0.
0.
0.
0.
0.
0.
0.
0.
0.
0.
0.
0.
0.
0.
0.
0.
0.
0.
0.
0.
0.
0.
0.
0.
0.
0.
0.
0.
0.
0.
0.
0.
0.
0.
0.
0.
0.
0.
0.
0.
0.
0.
0.
0.
0.
0.
0.
-0.98156
0.04717534
-0.90412
0.1069393
-0.7699
0.1600783
-0.58732
0.2031674
-0.36783
0.2334925
-0.12523
0.249147
0.12523
0.249147
0.36783
0.2334925
0.58732
0.2031674
0.7699
0.1600783
0.90412
0.1069393
0.98156
0.04717534
0.
0.
0.
0.
0.
0.
0.
0.
0.
0.
0.
0.
0.
0.
0.
0.
0.
0.
0.
0.
0.
0.
0.
0.
0.
0.
0.
0.
0.
0.
0.
0.
0.
0.
0.
0.
0.
0.
0.
0.
0.
0.
0.
0.
0.
0.
0.
0.
-0.98418
0.040484
-0.9176
0.0921215
-0.80158
0.1388735
-0.64235
0.178146
-0.44849
0.207816
-0.23046
0.2262832
0.
0.2325516
0.23046
0.2262832
0.44849
0.207816
0.64235
0.178146
0.80158
0.1388735
0.9176
0.0921215
0.98418
0.040484
0.
0.
0.
0.
0.
0.
0.
0.
0.
0.
0.
0.
0.
0.
0.
0.
0.
0.
0.
0.
0.
0.
0.
0.
0.
0.
0.
0.
0.
0.
0.
0.
0.
0.
0.
0.
0.
0.
0.
0.
0.
0.
0.
0.
0.
0.
-0.98628
0.03511946
-0.92843
0.0801581
-0.8272
0.1215186
-0.68729
0.1572032
-0.51525
0.1855384
-0.31911
0.2051985
-0.10805
0.2152639
0.10805
0.2152639
0.31911
0.2051985
0.51525
0.1855384
0.68729
0.1572032
0.8272
0.1215186
0.92843
0.0801581
0.9863
0.03511946
0.
0.
0.
0.
0.
0.
0.
0.
0.
0.
0.
0.
0.
0.
0.
0.
0.
0.
0.
0.
0.
0.
0.
0.
0.
0.
0.
0.
0.
0.
0.
0.
0.
0.
0.
0.
0.
0.
0.
0.
0.
0.
0.
0.
-0.98799
0.03075324
-0.93727
0.07036605
-0.84821
0.10715922
-0.72442
0.1395707
-0.57097
0.1662692
-0.39415
0.186161
-0.20119
0.1984315
0.
0.2025782
0.20119
0.1984315
0.39415
0.186161
0.57097
0.1662692
0.7244
0.1395707
0.8482
0.10715922
0.9373
0.07036605
0.988
0.03075324
0.
0.
0.
0.
0.
0.
0.
0.
0.
0.
0.
0.
0.
0.
0.
0.
0.
0.
0.
0.
0.
0.
0.
0.
0.
0.
0.
0.
0.
0.
0.
0.
0.
0.
0.
0.
0.
0.
0.
0.
0.
0.
-0.9894
0.02715246
-0.94458
0.06225352
-0.86563
0.0951585
-0.7554
0.124629
-0.61788
0.149596
-0.45802
0.1691565
-0.2816
0.1826034
-0.09501
0.1894506
0.09501
0.1894506
0.2816
0.1826034
0.458
0.1691565
0.6179
0.149596
0.7554
0.124629
0.8656
0.0951585
0.9446
0.06225352
0.9894
0.02715246
0.
0.
0.
0.
0.
0.
0.
0.
0.
0.
0.
0.
0.
0.
0.
0.
0.
0.
0.
0.
0.
0.
0.
0.
0.
0.
0.
0.
0.
0.
0.
0.
0.
0.
0.
0.
0.
0.
0.
0.
-0.99058
0.0241483
-0.95068
0.05545953
-0.88024
0.08503615
-0.78151
0.11188385
-0.65767
0.1351364
-0.51269
0.1540458
-0.35123
0.1680041
-0.17848
0.1765627
0.
0.1794465
0.17848
0.1765627
0.3512
0.1680041
0.5127
0.1540458
0.6577
0.1351364
0.7815
0.11188385
0.8802
0.08503615
0.9507
0.05545953
0.9906
0.0241483
0.
0.
0.
0.
0.
0.
0.
0.
0.
0.
0.
0.
0.
0.
0.
0.
0.
0.
0.
0.
0.
0.
0.
0.
0.
0.
0.
0.
0.
0.
0.
0.
0.
0.
0.
0.
0.
0.
-0.99157
0.02161601
-0.95582
0.04971455
-0.8926
0.0764257
-0.8037
0.100942
-0.69169
0.1225552
-0.55977
0.1406429
-0.41175
0.1546847
-0.25189
0.1642765
-0.08478
0.1691424
0.0848
0.1691424
0.2519
0.1642765
0.4118
0.1546847
0.5598
0.1406429
0.6917
0.1225552
0.8037
0.100942
0.8926
0.0764257
0.9558
0.04971455
0.9916
0.02161601
0.
0.
0.
0.
0.
0.
0.
0.
0.
0.
0.
0.
0.
0.
0.
0.
0.
0.
0.
0.
0.
0.
0.
0.
0.
0.
0.
0.
0.
0.
0.
0.
0.
0.
0.
0.
-0.99241
0.01946179
-0.96021
0.04481423
-0.90316
0.06904454
-0.82271
0.09149002
-0.72097
0.11156665
-0.60055
0.128754
-0.46457
0.1426067
-0.31656
0.152766
-0.16036
0.1589688
0.
0.1610544
0.1604
0.1589688
0.3166
0.152766
0.4646
0.1426067
0.6005
0.128754
0.721
0.11156665
0.8227
0.09149002
0.9032
0.06904454
0.9602
0.04481423
0.9924
0.01946179
0.
0.
0.
0.
0.
0.
0.
0.
0.
0.
0.
0.
0.
0.
0.
0.
0.
0.
0.
0.
0.
0.
0.
0.
0.
0.
0.
0.
0.
0.
0.
0.
0.
0.
-0.99313
0.01761401
-0.96397
0.04060143
-0.91223
0.06267205
-0.83912
0.0832767
-0.74633
0.1019301
-0.63605
0.1181945
-0.51087
0.1316886
-0.37371
0.1420961
-0.22779
0.149173
-0.0765
0.1527534
0.0765
0.1527534
0.2278
0.149173
0.3737
0.1420961
0.5109
0.1316886
0.6361
0.1181945
0.7463
0.1019301
0.8391
0.0832767
0.9122
0.06267205
0.964
0.04060143
0.9931
0.01761401
0.
0.
0.
0.
0.
0.
0.
0.
0.
0.
0.
0.
0.
0.
0.
0.
0.
0.
0.
0.
0.
0.
0.
0.
0.
0.
0.
0.
0.
0.
0.
0.
-0.99375
0.01601723
-0.96723
0.03695379
-0.9201
0.05713443
-0.85336
0.07610011
-0.76844
0.09344442
-0.66714
0.1087973
-0.55162
0.1218314
-0.42434
0.1322689
-0.288
0.1398874
-0.1456
0.1445244
0.
0.1460811
0.1456
0.1445244
0.288
0.1398874
0.4243
0.1322689
0.5516
0.1218314
0.6671
0.1087973
0.7684
0.09344442
0.8534
0.07610011
0.9201
0.05713443
0.9672
0.03695379
0.9938
0.01601723
0.
0.
0.
0.
0.
0.
0.
0.
0.
0.
0.
0.
0.
0.
0.
0.
0.
0.
0.
0.
0.
0.
0.
0.
0.
0.
0.
0.
0.
0.
-0.9943
0.014628
-0.9701
0.0337749
-0.927
0.05229334
-0.8658
0.0697965
-0.78782
0.0859416
-0.69449
0.1004141
-0.58764
0.1129323
-0.46936
0.1232524
-0.3419
0.1311735
-0.2079
0.1365415
-0.0697
0.1392519
0.0697
0.1392519
0.2079
0.1365415
0.3419
0.1311735
0.4694
0.1232524
0.5876
0.1129323
0.6945
0.1004141
0.7878
0.0859416
0.8658
0.0697965
0.927
0.05229334
0.9701
0.0337749
0.9943
0.014628
0.
0.
0.
0.
0.
0.
0.
0.
0.
0.
0.
0.
0.
0.
0.
0.
0.
0.
0.
0.
0.
0.
0.
0.
0.
0.
0.
0.
-0.9948
0.01341186
-0.9725
0.03098801
-0.933
0.04803767
-0.8768
0.06423242
-0.80489
0.07928141
-0.71866
0.09291577
-0.61961
0.10489209
-0.5095
0.1149966
-0.3903
0.1230491
-0.2641
0.1289057
-0.1333
0.132462
0.
0.1336546
0.1333
0.132462
0.2641
0.1289057
0.3903
0.1230491
0.5095
0.1149966
0.6196
0.10489209
0.7187
0.09291577
0.8049
0.07928141
0.8768
0.06423242
0.933
0.04803767
0.9725
0.03098801
0.9948
0.01341186
0.
0.
0.
0.
0.
0.
0.
0.
0.
0.
0.
0.
0.
0.
0.
0.
0.
0.
0.
0.
0.
0.
0.
0.
0.
0.
-0.9952
0.01234123
-0.9747
0.02853139
-0.9383
0.04427744
-0.8864
0.05929858
-0.82
0.0733465
-0.74012
0.0861902
-0.64809
0.0976187
-0.54542
0.1074443
-0.4338
0.1155057
-0.315
0.1216705
-0.1911
0.1258375
-0.0641
0.1279382
0.0641
0.1279382
0.1911
0.1258375
0.315
0.1216705
0.4338
0.1155057
0.5454
0.1074443
0.6481
0.0976187
0.7401
0.0861902
0.82
0.0733465
0.8864
0.05929858
0.9383
0.04427744
0.9747
0.02853139
0.9952
0.01234123
0.
0.
0.
0.
0.
0.
0.
0.
0.
0.
0.
0.
0.
0.
0.
0.
0.
0.
0.
0.
0.
0.
0.
0.
-0.9956
0.011393799
-0.9767
0.02635499
-0.943
0.04093916
-0.895
0.0549047
-0.83344
0.06803833
-0.75926
0.0801407
-0.67357
0.09102826
-0.5777
0.10053595
-0.473
0.10851962
-0.3612
0.1148583
-0.2439
0.1194558
-0.1229
0.1222424
0.
0.1231761
0.1229
0.1222424
0.2439
0.1194558
0.3612
0.1148583
0.473
0.10851962
0.5777
0.10053595
0.6736
0.09102826
0.7593
0.0801407
0.8334
0.06803833
0.895
0.0549047
0.943
0.04093916
0.9767
0.02635499
0.9956
0.011393799
0.
0.
0.
0.
0.
0.
0.
0.
0.
0.
0.
0.
0.
0.
0.
0.
0.
0.
0.
0.
0.
0.
-0.9959
0.01055137
-0.9784
0.02441785
-0.9472
0.03796238
-0.9026
0.05097583
-0.84545
0.06327405
-0.77639
0.0746841
-0.69643
0.0850459
-0.6067
0.0942138
-0.5084
0.1020592
-0.4031
0.1084718
-0.292
0.1133618
-0.1769
0.1166604
-0.0592
0.1183214
0.0592
0.1183214
0.1769
0.1166604
0.292
0.1133618
0.4031
0.1084718
0.5084
0.1020592
0.6067
0.0942138
0.6964
0.0850459
0.7764
0.0746841
0.8454
0.06327405
0.9026
0.05097583
0.9472
0.03796238
0.9784
0.02441785
0.9959
0.01055137
0.
0.
0.
0.
0.
0.
0.
0.
0.
0.
0.
0.
0.
0.
0.
0.
0.
0.
0.
0.
-0.9962
0.009798996
-0.9799
0.02268623
-0.9509
0.03529705
-0.9095
0.04744941
-0.85621
0.05898354
-0.79177
0.06974882
-0.71701
0.07960487
-0.6329
0.08842316
-0.5406
0.09608873
-0.4411
0.10250164
-0.336
0.10757829
-0.2265
0.11125249
-0.114
0.11347635
0.
0.1142209
0.114
0.11347635
0.2265
0.11125249
0.336
0.10757829
0.4411
0.10250164
0.5406
0.09608873
0.6329
0.08842316
0.717
0.07960487
0.7918
0.06974882
0.8562
0.05898354
0.9095
0.04744941
0.9509
0.03529705
0.9799
0.02268623
0.9962
0.009798996
0.
0.
0.
0.
0.
0.
0.
0.
0.
0.
0.
0.
0.
0.
0.
0.
0.
0.
-0.9964
0.00912428
-0.9813
0.02113211
-0.9543
0.03290143
-0.9156
0.04427293
-0.8659
0.05510735
-0.80564
0.0652729
-0.7356
0.0746462
-0.6567
0.0831134
-0.5697
0.0905717
-0.4759
0.0969307
-0.3763
0.102113
-0.2721
0.1060558
-0.1646
0.1087112
-0.0551
0.110047
0.0551
0.110047
0.1646
0.1087112
0.2721
0.1060558
0.3763
0.102113
0.4759
0.0969307
0.5697
0.0905717
0.6567
0.0831134
0.7356
0.0746462
0.8056
0.0652729
0.8659
0.05510735
0.9156
0.04427293
0.9543
0.03290143
0.9813
0.02113211
0.9964
0.00912428
0.
0.
0.
0.
0.
0.
0.
0.
0.
0.
0.
0.
0.
0.
0.
0.
-0.9967
0.008516904
-0.9825
0.01973209
-0.9573
0.03074049
-0.9212
0.04140206
-0.8746
0.05159483
-0.81819
0.06120309
-0.7525
0.07011793
-0.6782
0.07823833
-0.5963
0.08547226
-0.5076
0.09173776
-0.4132
0.09696383
-0.314
0.10109127
-0.2114
0.10407331
-0.1063
0.10587616
0.
0.1064794
0.1063
0.10587616
0.2114
0.10407331
0.314
0.10109127
0.4132
0.09696383
0.5076
0.09173776
0.5963
0.08547226
0.6782
0.07823833
0.7525
0.07011793
0.8182
0.06120309
0.8746
0.05159483
0.9212
0.04140206
0.9573
0.03074049
0.9825
0.01973209
0.9967
0.008516904
0.
0.
0.
0.
0.
0.
0.
0.
0.
0.
0.
0.
0.
0.
-0.9969
0.00796819
-0.9837
0.01846647
-0.96
0.02878471
-0.9262
0.03879919
-0.8826
0.04840267
-0.82957
0.05749316
-0.7678
0.0659742
-0.6979
0.073756
-0.6205
0.0807559
-0.5366
0.0868998
-0.447
0.0921225
-0.3527
0.0963687
-0.2546
0.0995934
-0.1539
0.1017624
-0.0515
0.1028527
0.0515
0.1028527
0.1539
0.1017624
0.2546
0.0995934
0.3527
0.0963687
0.447
0.0921225
0.5366
0.0868998
0.6205
0.0807559
0.6979
0.073756
0.7678
0.0659742
0.8296
0.05749316
0.8826
0.04840267
0.9262
0.03879919
0.96
0.02878471
0.9837
0.01846647
0.9969
0.00796819
0.
0.
0.
0.
0.
0.
0.
0.
0.
0.
0.
0.
-0.9971
0.007470832
-0.9847
0.01731862
-0.9625
0.02700902
-0.9308
0.03643227
-0.8898
0.04549371
-0.8399
0.05410308
-0.7817
0.06217479
-0.7158
0.06962858
-0.6427
0.07639039
-0.5632
0.08239299
-0.4782
0.08757674
-0.3884
0.09189011
-0.2947
0.09529024
-0.1981
0.09774334
-0.0996
0.09922501
0.
0.0997205
0.0996
0.09922501
0.1981
0.09774334
0.2947
0.09529024
0.3884
0.09189011
0.4782
0.08757674
0.5632
0.08239299
0.6427
0.07639039
0.7158
0.06962858
0.7817
0.06217479
0.8399
0.05410308
0.8898
0.04549371
0.9308
0.03643227
0.9625
0.02700902
0.9847
0.01731862
0.9971
0.007470832
0.
0.
0.
0.
0.
0.
0.
0.
0.
0.
-0.9973
0.00701861
-0.9856
0.01627439
-0.9648
0.02539207
-0.9349
0.03427386
-0.8963
0.0428359
-0.8494
0.05099806
-0.7945
0.05868409
-0.7322
0.0658222
-0.663
0.0723458
-0.5877
0.0781939
-0.5069
0.0833119
-0.4214
0.0876521
-0.3319
0.0911739
-0.2393
0.0938444
-0.1445
0.0956387
-0.0483
0.0965401
0.0483
0.0965401
0.1445
0.0956387
0.2393
0.0938444
0.3319
0.0911739
0.4214
0.0876521
0.5069
0.0833119
0.5877
0.0781939
0.663
0.0723458
0.7322
0.0658222
0.7945
0.05868409
0.8494
0.05099806
0.8963
0.0428359
0.9349
0.03427386
0.9648
0.02539207
0.9856
0.01627439
0.9973
0.00701861
0.
0.
0.
0.
0.
0.
0.
0.
-0.9974
0.006606228
-0.9865
0.0153217
-0.9668
0.02391555
-0.9387
0.03230036
-0.9023
0.04040154
-0.858
0.04814774
-0.8062
0.05547085
-0.7472
0.06230648
-0.6817
0.06859457
-0.6102
0.07427985
-0.5334
0.07931236
-0.4519
0.08364788
-0.3663
0.08724829
-0.2776
0.09008196
-0.1864
0.09212399
-0.0936
0.09335643
0.
0.0937684
0.0936
0.09335643
0.1864
0.09212399
0.2776
0.09008196
0.3663
0.08724829
0.4519
0.08364788
0.5334
0.07931236
0.6102
0.07427985
0.6817
0.06859457
0.7472
0.06230648
0.8062
0.05547085
0.858
0.04814774
0.9023
0.04040154
0.9387
0.03230036
0.9668
0.02391555
0.9865
0.0153217
0.9974
0.006606228
0.
0.
0.
0.
0.
0.
-0.9976
0.006229141
-0.9872
0.01445016
-0.9687
0.02256372
-0.9422
0.03049138
-0.9078
0.03816659
-0.8659
0.04552561
-0.8169
0.05250741
-0.7611
0.05905414
-0.6989
0.0651115
-0.631
0.0706294
-0.5579
0.075562
-0.4801
0.0798684
-0.3984
0.0835131
-0.3133
0.0864657
-0.2257
0.0887019
-0.1362
0.090203
-0.0455
0.0909567
0.0455
0.0909567
0.1362
0.090203
0.2257
0.0887019
0.3133
0.0864657
0.3984
0.0835131
0.4801
0.0798684
0.5579
0.075562
0.631
0.0706294
0.6989
0.0651115
0.7611
0.05905414
0.8169
0.05250741
0.8659
0.04552561
0.9078
0.03816659
0.9422
0.03049138
0.9687
0.02256372
0.9872
0.01445016
0.9976
0.006229141
0.
0.
0.
0.
-0.9977
0.005883433
-0.9879
0.01365083
-0.9704
0.02132298
-0.9453
0.02882926
-0.9129
0.03611012
-0.8732
0.04310842
-0.8267
0.04976937
-0.7738
0.05604082
-0.7148
0.06187367
-0.6502
0.06722229
-0.5805
0.07204479
-0.5063
0.07630346
-0.4281
0.07996494
-0.3466
0.08300059
-0.2624
0.08538665
-0.1761
0.08710445
-0.0884
0.08814053
0.
0.0884868
0.0884
0.08814053
0.1761
0.08710445
0.2624
0.08538665
0.3466
0.08300059
0.4281
0.07996494
0.5063
0.07630346
0.5805
0.07204479
0.6502
0.06722229
0.7148
0.06187367
0.7738
0.05604082
0.8267
0.04976937
0.8732
0.04310842
0.9129
0.03611012
0.9453
0.02882926
0.9704
0.02132298
0.9879
0.01365083
0.9977
0.005883433
0.
0.
-0.9978
0.00556572
-0.9886
0.01291595
-0.972
0.02018152
-0.9483
0.02729862
-0.9175
0.03421381
-0.8799
0.04087575
-0.8358
0.04723508
-0.7856
0.05324471
-0.7295
0.05886014
-0.668
0.0640398
-0.6016
0.0687453
-0.5307
0.0729419
-0.4559
0.0765984
-0.3777
0.0796878
-0.2967
0.0821873
-0.2135
0.0840782
-0.1287
0.0853467
-0.043
0.0859833
0.043
0.0859833
0.1287
0.0853467
0.2135
0.0840782
0.2967
0.0821873
0.3777
0.0796878
0.4559
0.0765984
0.5307
0.0729419
0.6016
0.0687453
0.668
0.0640398
0.7295
0.05886014
0.7856
0.05324471
0.8358
0.04723508
0.8799
0.04087575
0.9175
0.03421381
0.9483
0.02729862
0.972
0.02018152
0.9886
0.01291595
0.9978
0.00556572