36
0
2.
0.
0.
0.
0.
0.
0.
0.
0.
0.
0.
0.
0.
0.
0.
0.
0.
0.
0.
0.
0.
0.
0.
0.
0.
0.
0.
0.
0.
0.
0.
0.
0.
0.
0.
0.
0.
0.
0.
0.
0.
0.
0.
0.
0.
0.
0.
0.
0.
0.
0.
0.
0.
0.
0.
0.
0.
0.
0.
0.
0.
0.
0.
0.
0.
0.
0.
0.
0.
0.
0.
-0.577350269189625764509148780502
1.
0.577350269189625764509148780502
1.
0.
0.
0.
0.
0.
0.
0.
0.
0.
0.
0.
0.
0.
0.
0.
0.
0.
0.
0.
0.
0.
0.
0.
0.
0.
0.
0.
0.
0.
0.
0.
0.
0.
0.
0.
0.
0.
0.
0.
0.
0.
0.
0.
0.
0.
0.
0.
0.
0.
0.
0.
0.
0.
0.
0.
0.
0.
0.
0.
0.
0.
0.
0.
0.
0.
0.
0.
0.
-0.774596669241483377035853079956
0.5555555555555555555555555555556
0.e-30
0.8888888888888888888888888888889
0.774596669241483377035853079956
0.5555555555555555555555555555556
0.
0.
0.
0.
0.
0.
0.
0.
0.
0.
0.
0.
0.
0.
0.
0.
0.
0.
0.
0.
0.
0.
0.
0.
0.
0.
0.
0.
0.
0.
0.
0.
0.
0.
0.
0.
0.
0.
0.
0.
0.
0.
0.
0.
0.
0.
0.
0.
0.
0.
0.
0.
0.
0.
0.
0.
0.
0.
0.
0.
0.
0.
0.
0.
0.
0.
-0.861136311594052575223946488893
0.347854845137453857373063949222
-0.339981043584856264802665759103
0.652145154862546142626936050778
0.339981043584856264802665759103
0.652145154862546142626936050778
0.861136311594052575223946488893
0.347854845137453857373063949222
0.
0.
0.
0.
0.
0.
0.
0.
0.
0.
0.
0.
0.
0.
0.
0.
0.
0.
0.
0.
0.
0.
0.
0.
0.
0.
0.
0.
0.
0.
0.
0.
0.
0.
0.
0.
0.
0.
0.
0.
0.
0.
0.
0.
0.
0.
0.
0.
0.
0.
0.
0.
0.
0.
0.
0.
0.
0.
0.
0.
0.
0.
0.
0.
-0.906179845938663992797626878299
0.2369268850561890875142640407199
-0.5384693101056830910363144207
0.4786286704993664680412915148356
0.e-29
0.5688888888888888888888888888889
0.5384693101056830910363144207
0.4786286704993664680412915148356
0.9061798459386639927976268783
0.2369268850561890875142640407199
0.
0.
0.
0.
0.
0.
0.
0.
0.
0.
0.
0.
0.
0.
0.
0.
0.
0.
0.
0.
0.
0.
0.
0.
0.
0.
0.
0.
0.
0.
0.
0.
0.
0.
0.
0.
0.
0.
0.
0.
0.
0.
0.
0.
0.
0.
0.
0.
0.
0.
0.
0.
0.
0.
0.
0.
0.
0.
0.
0.
0.
0.
-0.932469514203152027812301554494
0.1713244923791703450402961421727
-0.66120938646626451366139959502
0.3607615730481386075698335138377
-0.238619186083196908630501721681
0.4679139345726910473898703439896
0.23861918608319690863050172168
0.4679139345726910473898703439896
0.66120938646626451366139959502
0.3607615730481386075698335138377
0.93246951420315202781230155449
0.1713244923791703450402961421727
0.
0.
0.
0.
0.
0.
0.
0.
0.
0.
0.
0.
0.
0.
0.
0.
0.
0.
0.
0.
0.
0.
0.
0.
0.
0.
0.
0.
0.
0.
0.
0.
0.
0.
0.
0.
0.
0.
0.
0.
0.
0.
0.
0.
0.
0.
0.
0.
0.
0.
0.
0.
0.
0.
0.
0.
0.
0.
0.
0.
-0.94910791234275852452618968405
0.1294849661688696932706114326791
-0.741531185599394439863864773281
0.2797053914892766679014677714238
-0.40584515137739716690660641208
0.381830050505118944950369775489
0.e-29
0.4179591836734693877551020408163
0.40584515137739716690660641208
0.381830050505118944950369775489
0.74153118559939443986386477328
0.2797053914892766679014677714238
0.94910791234275852452618968405
0.1294849661688696932706114326791
0.
0.
0.
0.
0.
0.
0.
0.
0.
0.
0.
0.
0.
0.
0.
0.
0.
0.
0.
0.
0.
0.
0.
0.
0.
0.
0.
0.
0.
0.
0.
0.
0.
0.
0.
0.
0.
0.
0.
0.
0.
0.
0.
0.
0.
0.
0.
0.
0.
0.
0.
0.
0.
0.
0.
0.
0.
0.
-0.96028985649753623168356086857
0.10122853629037625915253135431
-0.796666477413626739591553936476
0.2223810344533744705443559944262
-0.52553240991632898581773904919
0.3137066458778872873379622019866
-0.18343464249564980493947614236
0.3626837833783619829651504492772
0.18343464249564980493947614236
0.3626837833783619829651504492772
0.52553240991632898581773904919
0.3137066458778872873379622019866
0.79666647741362673959155393648
0.2223810344533744705443559944262
0.96028985649753623168356086857
0.10122853629037625915253135431
0.
0.
0.
0.
0.
0.
0.
0.
0.
0.
0.
0.
0.
0.
0.
0.
0.
0.
0.
0.
0.
0.
0.
0.
0.
0.
0.
0.
0.
0.
0.
0.
0.
0.
0.
0.
0.
0.
0.
0.
0.
0.
0.
0.
0.
0.
0.
0.
0.
0.
0.
0.
0.
0.
0.
0.
-0.9681602395076260898355762029
0.08127438836157441197189215811052
-0.83603110732663579429942978807
0.1806481606948574040584720312429
-0.61337143270059039730870203934
0.2606106964029354623187428694186
-0.32425342340380892903853801464
0.3123470770400028400686304065844
0.e-29
0.330239355001259763164525069287
0.32425342340380892903853801464
0.3123470770400028400686304065844
0.61337143270059039730870203934
0.2606106964029354623187428694186
0.83603110732663579429942978807
0.1806481606948574040584720312429
0.9681602395076260898355762029
0.08127438836157441197189215811052
0.
0.
0.
0.
0.
0.
0.
0.
0.
0.
0.
0.
0.
0.
0.
0.
0.
0.
0.
0.
0.
0.
0.
0.
0.
0.
0.
0.
0.
0.
0.
0.
0.
0.
0.
0.
0.
0.
0.
0.
0.
0.
0.
0.
0.
0.
0.
0.
0.
0.
0.
0.
0.
0.
-0.97390652851717172007796401208
0.06667134430868813759356880989333
-0.86506336668898451073209668842
0.1494513491505805931457763396577
-0.67940956829902440623432736511
0.2190863625159820439955349342282
-0.43339539412924719079926594317
0.2692667193099963550912269215695
-0.14887433898163121088482600113
0.2955242247147528701738929946513
0.14887433898163121088482600113
0.2955242247147528701738929946513
0.43339539412924719079926594317
0.2692667193099963550912269215695
0.67940956829902440623432736511
0.2190863625159820439955349342282
0.86506336668898451073209668842
0.1494513491505805931457763396577
0.97390652851717172007796401208
0.06667134430868813759356880989333
0.
0.
0.
0.
0.
0.
0.
0.
0.
0.
0.
0.
0.
0.
0.
0.
0.
0.
0.
0.
0.
0.
0.
0.
0.
0.
0.
0.
0.
0.
0.
0.
0.
0.
0.
0.
0.
0.
0.
0.
0.
0.
0.
0.
0.
0.
0.
0.
0.
0.
0.
0.
-0.97822865814605699280393800112
0.05566856711617366648275372044255
-0.8870625997680952990751577693
0.1255803694649046246346942992239
-0.73015200557404932409341625203
0.1862902109277342514260976414317
-0.51909612920681181592572566946
0.2331937645919904799185237048432
-0.2695431559523449723315319854
0.2628045445102466621806888698905
0.e-29
0.2729250867779006307144835283363
0.2695431559523449723315319854
0.2628045445102466621806888698905
0.51909612920681181592572566946
0.2331937645919904799185237048432
0.73015200557404932409341625203
0.1862902109277342514260976414317
0.8870625997680952990751577693
0.1255803694649046246346942992239
0.97822865814605699280393800112
0.05566856711617366648275372044255
0.
0.
0.
0.
0.
0.
0.
0.
0.
0.
0.
0.
0.
0.
0.
0.
0.
0.
0.
0.
0.
0.
0.
0.
0.
0.
0.
0.
0.
0.
0.
0.
0.
0.
0.
0.
0.
0.
0.
0.
0.
0.
0.
0.
0.
0.
0.
0.
0.
0.
-0.98156063424671925069054909015
0.04717533638651182719461596148502
-0.90411725637047485667846586612
0.106939325995318430960254718194
-0.76990267419430468703689383321
0.1600783285433462263346525295434
-0.58731795428661744729670241894
0.2031674267230659217490644558098
-0.36783149899818019375269153664
0.2334925365383548087608498989249
-0.12523340851146891547244136946
0.249147045813402785000562436043
0.12523340851146891547244136946
0.249147045813402785000562436043
0.36783149899818019375269153664
0.2334925365383548087608498989249
0.58731795428661744729670241894
0.2031674267230659217490644558098
0.76990267419430468703689383321
0.1600783285433462263346525295434
0.90411725637047485667846586612
0.106939325995318430960254718194
0.98156063424671925069054909015
0.04717533638651182719461596148502
0.
0.
0.
0.
0.
0.
0.
0.
0.
0.
0.
0.
0.
0.
0.
0.
0.
0.
0.
0.
0.
0.
0.
0.
0.
0.
0.
0.
0.
0.
0.
0.
0.
0.
0.
0.
0.
0.
0.
0.
0.
0.
0.
0.
0.
0.
0.
0.
-0.98418305471858814947282944881
0.04048400476531587952002159220099
-0.9175983992229779652065478365
0.0921214998377284479144217759538
-0.80157809073330991279420648958
0.1388735102197872384636017768689
-0.642349339440340220643984607
0.1781459807619457382800466919961
-0.44849275103644685287791285213
0.2078160475368885023125232193061
-0.2304583159551347940655281211
0.2262831802628972384120901860398
0.e-29
0.2325515532308739101945895152688
0.2304583159551347940655281211
0.2262831802628972384120901860398
0.44849275103644685287791285213
0.2078160475368885023125232193061
0.642349339440340220643984607
0.1781459807619457382800466919961
0.80157809073330991279420648958
0.1388735102197872384636017768689
0.9175983992229779652065478365
0.0921214998377284479144217759538
0.98418305471858814947282944881
0.04048400476531587952002159220099
0.
0.
0.
0.
0.
0.
0.
0.
0.
0.
0.
0.
0.
0.
0.
0.
0.
0.
0.
0.
0.
0.
0.
0.
0.
0.
0.
0.
0.
0.
0.
0.
0.
0.
0.
0.
0.
0.
0.
0.
0.
0.
0.
0.
0.
0.
-0.9862838086968123388415972667
0.03511946033175186303183287613819
-0.92843488366357351733639113938
0.0801580871597602098056332770629
-0.82720131506976499318979474265
0.1215185706879031846894148090725
-0.68729290481168547014801980302
0.1572031671581935345696019386238
-0.51524863635815409196529071855
0.1855383974779378137417165901252
-0.31911236892788976043567182417
0.2051984637212956039659240656612
-0.10805494870734366206624465022
0.2152638534631577901958764433163
0.10805494870734366206624465022
0.2152638534631577901958764433163
0.31911236892788976043567182417
0.2051984637212956039659240656612
0.51524863635815409196529071855
0.1855383974779378137417165901252
0.68729290481168547014801980302
0.1572031671581935345696019386238
0.82720131506976499318979474265
0.1215185706879031846894148090725
0.92843488366357351733639113938
0.0801580871597602098056332770629
0.9862838086968123388415972667
0.03511946033175186303183287613819
0.
0.
0.
0.
0.
0.
0.
0.
0.
0.
0.
0.
0.
0.
0.
0.
0.
0.
0.
0.
0.
0.
0.
0.
0.
0.
0.
0.
0.
0.
0.
0.
0.
0.
0.
0.
0.
0.
0.
0.
0.
0.
0.
0.
-0.98799251802048542848956571859
0.0307532419961172683546283935772
-0.93727339240070590430775894771
0.07036604748810812470926741645067
-0.84820658341042721620064832077
0.10715922046717193501186954668587
-0.72441773136017004741618605461
0.139570677926154314447804794511
-0.57097217260853884753722673725
0.1662692058169939335532008604812
-0.39415134707756336989720737098
0.1861610000155622110268005618664
-0.20119409399743452230062830339
0.1984314853271115764561183264438
0.e-29
0.2025782419255612728806201999675
0.20119409399743452230062830339
0.1984314853271115764561183264438
0.39415134707756336989720737098
0.1861610000155622110268005618664
0.57097217260853884753722673725
0.1662692058169939335532008604812
0.7244177313601700474161860546
0.139570677926154314447804794511
0.8482065834104272162006483208
0.10715922046717193501186954668587
0.9372733924007059043077589477
0.07036604748810812470926741645067
0.9879925180204854284895657186
0.0307532419961172683546283935772
0.
0.
0.
0.
0.
0.
0.
0.
0.
0.
0.
0.
0.
0.
0.
0.
0.
0.
0.
0.
0.
0.
0.
0.
0.
0.
0.
0.
0.
0.
0.
0.
0.
0.
0.
0.
0.
0.
0.
0.
0.
0.
-0.98940093499164993259615417345
0.02715245941175409485178057245602
-0.94457502307323257607798841553
0.06225352393864789286284383699438
-0.86563120238783174388046789771
0.0951585116824927848099251076022
-0.75540440835500303389510119485
0.124628971255533872052476282192
-0.61787624440264374844667176405
0.1495959888165767320815017305475
-0.45801677765722738634241944298
0.1691565193950025381893120790304
-0.28160355077925891323046050146
0.1826034150449235888667636679692
-0.09501250983763744018531933542
0.1894506104550684962853967232083
0.09501250983763744018531933542
0.1894506104550684962853967232083
0.28160355077925891323046050146
0.1826034150449235888667636679692
0.458016777657227386342419443
0.1691565193950025381893120790304
0.617876244402643748446671764
0.1495959888165767320815017305475
0.7554044083550030338951011948
0.124628971255533872052476282192
0.8656312023878317438804678977
0.0951585116824927848099251076022
0.9445750230732325760779884155
0.06225352393864789286284383699438
0.9894009349916499325961541735
0.02715245941175409485178057245602
0.
0.
0.
0.
0.
0.
0.
0.
0.
0.
0.
0.
0.
0.
0.
0.
0.
0.
0.
0.
0.
0.
0.
0.
0.
0.
0.
0.
0.
0.
0.
0.
0.
0.
0.
0.
0.
0.
0.
0.
-0.99057547531441733567543401994
0.02414830286854793196011002628757
-0.9506755217687677612227169579
0.05545952937398720112944016535824
-0.88023915372698590212295569449
0.08503614831717918088353537019106
-0.78151400389680140692523005552
0.11188384719340397109478838562636
-0.65767115921669076585030221664
0.1351363684685254732863199817024
-0.51269053708647696788624656863
0.154045761076810288081431594802
-0.3512317634538763152971855171
0.1680041021564500445099706637883
-0.17848418149584785585067749365
0.1765627053669926463252709901132
0.e-28
0.1794464703562065254582656442619
0.17848418149584785585067749365
0.1765627053669926463252709901132
0.3512317634538763152971855171
0.1680041021564500445099706637883
0.5126905370864769678862465686
0.154045761076810288081431594802
0.6576711592166907658503022166
0.1351363684685254732863199817024
0.7815140038968014069252300555
0.11188384719340397109478838562636
0.8802391537269859021229556945
0.08503614831717918088353537019106
0.9506755217687677612227169579
0.05545952937398720112944016535824
0.9905754753144173356754340199
0.02414830286854793196011002628757
0.
0.
0.
0.
0.
0.
0.
0.
0.
0.
0.
0.
0.
0.
0.
0.
0.
0.
0.
0.
0.
0.
0.
0.
0.
0.
0.
0.
0.
0.
0.
0.
0.
0.
0.
0.
0.
0.
-0.99156516842093094673001600471
0.02161601352648331031334271026645
-0.95582394957139775518119589293
0.04971454889496979645333494620264
-0.89260246649755573920606059113
0.0764257302548890565291296776166
-0.80370495897252311568241745501
0.1009420441062871655628139849248
-0.69168704306035320787489108129
0.1225552067114784601845191268002
-0.55977083107394753460787154853
0.1406429146706506512047313037519
-0.41175116146284264603593179383
0.1546846751262652449254180038364
-0.25188622569150550958897285488
0.1642764837458327229860537764659
-0.08477501304173530124226185294
0.169142382963143591840656470135
0.0847750130417353012422618529
0.169142382963143591840656470135
0.2518862256915055095889728549
0.1642764837458327229860537764659
0.4117511614628426460359317938
0.1546846751262652449254180038364
0.5597708310739475346078715485
0.1406429146706506512047313037519
0.6916870430603532078748910813
0.1225552067114784601845191268002
0.803704958972523115682417455
0.1009420441062871655628139849248
0.8926024664975557392060605911
0.0764257302548890565291296776166
0.9558239495713977551811958929
0.04971454889496979645333494620264
0.9915651684209309467300160047
0.02161601352648331031334271026645
0.
0.
0.
0.
0.
0.
0.
0.
0.
0.
0.
0.
0.
0.
0.
0.
0.
0.
0.
0.
0.
0.
0.
0.
0.
0.
0.
0.
0.
0.
0.
0.
0.
0.
0.
0.
-0.99240684384358440318901767025
0.01946178822972647703631204146444
-0.96020815213483003085277884069
0.04481422676569960033283815740199
-0.90315590361481790164266092853
0.06904454273764122658070825800601
-0.82271465653714282497892248671
0.09149002162244999946446209412384
-0.72096617733522937861709586082
0.11156664554733399471602390168177
-0.60054530466168102346963816495
0.1287539625393362276755157848569
-0.4645707413759609457172671481
0.1426067021736066117757461094419
-0.31656409996362983199011732885
0.1527660420658596667788554008977
-0.16035864564022537586809611574
0.158968843393954347649956439465
0.e-28
0.1610544498487836959791636253209
0.1603586456402253758680961157
0.158968843393954347649956439465
0.3165640999636298319901173288
0.1527660420658596667788554008977
0.4645707413759609457172671481
0.1426067021736066117757461094419
0.6005453046616810234696381649
0.1287539625393362276755157848569
0.7209661773352293786170958608
0.11156664554733399471602390168177
0.8227146565371428249789224867
0.09149002162244999946446209412384
0.9031559036148179016426609285
0.06904454273764122658070825800601
0.9602081521348300308527788407
0.04481422676569960033283815740199
0.9924068438435844031890176703
0.01946178822972647703631204146444
0.
0.
0.
0.
0.
0.
0.
0.
0.
0.
0.
0.
0.
0.
0.
0.
0.
0.
0.
0.
0.
0.
0.
0.
0.
0.
0.
0.
0.
0.
0.
0.
0.
0.
-0.99312859918509492478612238847
0.01761400713915211831186196235185
-0.9639719272779137912676661312
0.04060142980038694133103995227493
-0.9122344282513259058677524412
0.06267204833410906356950653518704
-0.8391169718222188233945290617
0.083276741576704748724758143222
-0.74633190646015079261430507036
0.1019301198172404350367501354803
-0.63605368072651502545283669623
0.1181945319615184173123773777114
-0.51086700195082709800436405096
0.1316886384491766268984944997482
-0.37370608871541956067254817702
0.1420961093183820513292983250672
-0.22778585114164507808049619537
0.149172986472603746787828737002
-0.0765265211334973337546404094
0.1527533871307258506980843319551
0.0765265211334973337546404094
0.1527533871307258506980843319551
0.2277858511416450780804961954
0.149172986472603746787828737002
0.373706088715419560672548177
0.1420961093183820513292983250672
0.510867001950827098004364051
0.1316886384491766268984944997482
0.6360536807265150254528366962
0.1181945319615184173123773777114
0.7463319064601507926143050704
0.1019301198172404350367501354803
0.8391169718222188233945290617
0.083276741576704748724758143222
0.9122344282513259058677524412
0.06267204833410906356950653518704
0.9639719272779137912676661312
0.04060142980038694133103995227493
0.9931285991850949247861223885
0.01761400713915211831186196235185
0.
0.
0.
0.
0.
0.
0.
0.
0.
0.
0.
0.
0.
0.
0.
0.
0.
0.
0.
0.
0.
0.
0.
0.
0.
0.
0.
0.
0.
0.
0.
0.
-0.99375217062038950026024203594
0.01601722825777433332422461685847
-0.96722683856630629431662221491
0.03695378977085249379995066829933
-0.9200993341504008287901871337
0.05713442542685720828363582647245
-0.85336336458331728364725063859
0.07610011362837930201705165330018
-0.76843996347567790861587785131
0.09344442345603386155328974111393
-0.66713880419741231930596666999
0.10879729916714837766347457807011
-0.55161883588721980705901879672
0.1218314160537285341953671771257
-0.42434212020743878357366888854
0.1322689386333374617810525744968
-0.2880213168024010966007925161
0.1398873947910731547221334238676
-0.1455618541608950909370309823
0.1445244039899700590638271665538
0.e-28
0.1460811336496904271919851476834
0.1455618541608950909370309823
0.1445244039899700590638271665538
0.2880213168024010966007925161
0.1398873947910731547221334238676
0.4243421202074387835736688885
0.1322689386333374617810525744968
0.5516188358872198070590187967
0.1218314160537285341953671771257
0.66713880419741231930596667
0.10879729916714837766347457807011
0.7684399634756779086158778513
0.09344442345603386155328974111393
0.8533633645833172836472506386
0.07610011362837930201705165330018
0.9200993341504008287901871337
0.05713442542685720828363582647245
0.9672268385663062943166222149
0.03695378977085249379995066829933
0.9937521706203895002602420359
0.01601722825777433332422461685847
0.
0.
0.
0.
0.
0.
0.
0.
0.
0.
0.
0.
0.
0.
0.
0.
0.
0.
0.
0.
0.
0.
0.
0.
0.
0.
0.
0.
0.
0.
-0.9942945854823992920730314212
0.01462799529827220068499109804719
-0.9700604978354287271239509868
0.03377490158481415479330224686591
-0.9269567721871740005206929393
0.05229333515268328594031205127321
-0.865812577720300136536425637
0.0697964684245204880949614189302
-0.78781680597920816200427795541
0.0859416062170677274144436813727
-0.69448726318668278005068983576
0.1004141444428809649320788378305
-0.58764040350691159295887692764
0.1129322960805392183934006074218
-0.46935583798675702640633071097
0.1232523768105124242855609861548
-0.3419358208920842251581474204
0.1311735047870623707329649925303
-0.2078604266882212854788465339
0.1365414983460151713525738312315
-0.0697392733197222212138417961
0.1392518728556319933754102483418
0.0697392733197222212138417961
0.1392518728556319933754102483418
0.2078604266882212854788465339
0.1365414983460151713525738312315
0.3419358208920842251581474204
0.1311735047870623707329649925303
0.469355837986757026406330711
0.1232523768105124242855609861548
0.5876404035069115929588769276
0.1129322960805392183934006074218
0.6944872631866827800506898358
0.1004141444428809649320788378305
0.7878168059792081620042779554
0.0859416062170677274144436813727
0.865812577720300136536425637
0.0697964684245204880949614189302
0.9269567721871740005206929393
0.05229333515268328594031205127321
0.9700604978354287271239509868
0.03377490158481415479330224686591
0.9942945854823992920730314212
0.01462799529827220068499109804719
0.
0.
0.
0.
0.
0.
0.
0.
0.
0.
0.
0.
0.
0.
0.
0.
0.
0.
0.
0.
0.
0.
0.
0.
0.
0.
0.
0.
-0.9947693349975521235239257154
0.01341185948714177208130949345862
-0.9725424712181152319560240768
0.03098800585697944431069421964188
-0.932971086826016102349196989
0.04803767173108466857164107163203
-0.8767523582704416673781568859
0.06423242140852585212716961515891
-0.804888401618839892151118407
0.07928141177671895492289252474204
-0.71866136313195019446162448375
0.09291576606003514747701861736976
-0.61960987576364615638509731165
0.10489209146454141007408618501474
-0.50950147784600754968979304787
0.114996640222411364941643512934
-0.3903010380302908314214888729
0.123049084306729530467578400672
-0.2641356809703449305338695383
0.1289057221880821499785953393998
-0.1332568242984661109317426822
0.1324620394046966173716424647033
0.e-28
0.1336545721861061753514571105458
0.1332568242984661109317426822
0.1324620394046966173716424647033
0.2641356809703449305338695383
0.1289057221880821499785953393998
0.3903010380302908314214888729
0.123049084306729530467578400672
0.5095014778460075496897930479
0.114996640222411364941643512934
0.6196098757636461563850973116
0.10489209146454141007408618501474
0.7186613631319501944616244837
0.09291576606003514747701861736976
0.804888401618839892151118407
0.07928141177671895492289252474204
0.8767523582704416673781568859
0.06423242140852585212716961515891
0.932971086826016102349196989
0.04803767173108466857164107163203
0.9725424712181152319560240768
0.03098800585697944431069421964188
0.9947693349975521235239257154
0.01341185948714177208130949345862
0.
0.
0.
0.
0.
0.
0.
0.
0.
0.
0.
0.
0.
0.
0.
0.
0.
0.
0.
0.
0.
0.
0.
0.
0.
0.
-0.9951872199970213601799974097
0.01234122979998719954680566707004
-0.974728555971309498198391993
0.02853138862893366318130781595188
-0.9382745520027327585236490017
0.04427743881741980616860274821134
-0.886415527004401034213154342
0.05929858491543678074636775850011
-0.82000198597390292195394987267
0.0733464814110803057340336152531
-0.7401241915785543642438281031
0.0861901615319532759171852029837
-0.64809365193697556925249578691
0.0976186521041138882698806644642
-0.54542147138883953565837561722
0.1074442701159656347825773424466
-0.4337935076260451384870842319
0.1155056680537256013533444839068
-0.3150426796961633743867932913
0.1216704729278033912044631534763
-0.1911188674736163091586398208
0.1258374563468282961213753825112
-0.0640568928626056260850430826
0.1279381953467521569740561652247
0.0640568928626056260850430826
0.1279381953467521569740561652247
0.1911188674736163091586398208
0.1258374563468282961213753825112
0.3150426796961633743867932913
0.1216704729278033912044631534763
0.4337935076260451384870842319
0.1155056680537256013533444839068
0.5454214713888395356583756172
0.1074442701159656347825773424466
0.6480936519369755692524957869
0.0976186521041138882698806644642
0.7401241915785543642438281031
0.0861901615319532759171852029837
0.8200019859739029219539498727
0.0733464814110803057340336152531
0.886415527004401034213154342
0.05929858491543678074636775850011
0.9382745520027327585236490017
0.04427743881741980616860274821134
0.974728555971309498198391993
0.02853138862893366318130781595188
0.9951872199970213601799974097
0.01234122979998719954680566707004
0.
0.
0.
0.
0.
0.
0.
0.
0.
0.
0.
0.
0.
0.
0.
0.
0.
0.
0.
0.
0.
0.
0.
0.
-0.9955569697904980979087849469
0.011393798501026287947902964113235
-0.9766639214595175114983153865
0.0263549866150321372619018152953
-0.9429745712289743394140111697
0.04093915670130631265562348771165
-0.8949919978782753688510420068
0.05490469597583519192593689154047
-0.83344262876083400142102110869
0.06803833381235691720718718565671
-0.7592592630373576305772828652
0.08014070033500101801323495966911
-0.67356636847346836448512063325
0.09102826198296364981149722070289
-0.5776629302412229677236898416
0.10053594906705064420220689039269
-0.473002731445714960522182115
0.10851962447426365311609395705012
-0.3611723058093878377358217301
0.1148582591457116483393255458696
-0.2438668837209884320451903628
0.1194557635357847722281781265129
-0.1228646926107103963873598188
0.1222424429903100416889595189459
0.e-28
0.1231760537267154512039028730791
0.1228646926107103963873598188
0.1222424429903100416889595189459
0.2438668837209884320451903628
0.1194557635357847722281781265129
0.3611723058093878377358217301
0.1148582591457116483393255458696
0.473002731445714960522182115
0.10851962447426365311609395705012
0.5776629302412229677236898416
0.10053594906705064420220689039269
0.6735663684734683644851206332
0.09102826198296364981149722070289
0.7592592630373576305772828652
0.08014070033500101801323495966911
0.8334426287608340014210211087
0.06803833381235691720718718565671
0.8949919978782753688510420068
0.05490469597583519192593689154047
0.9429745712289743394140111697
0.04093915670130631265562348771165
0.9766639214595175114983153865
0.0263549866150321372619018152953
0.9955569697904980979087849469
0.011393798501026287947902964113235
0.
0.
0.
0.
0.
0.
0.
0.
0.
0.
0.
0.
0.
0.
0.
0.
0.
0.
0.
0.
0.
0.
-0.9958857011456169290032169593
0.01055137261734300715565118768525
-0.9783854459564709911005803543
0.02441785109263190878961582751979
-0.9471590666617142501359152835
0.03796238329436276395030314124885
-0.9026378619843070742176655992
0.05097582529714781199831990072407
-0.84544594278849801879750706147
0.06327404632957483553945368990705
-0.77638594882067885619296724724
0.0746841497656597458870757961028
-0.69642726041995726486381391373
0.08504589431348523921044776508
-0.6066922930176180632319787469
0.0942138003559141484636648830673
-0.5084407148245057176957030647
0.1020591610944254232384140702534
-0.4030517551234863064810773771
0.108471840528576590656579426728
-0.2920048394859568951428353821
0.1133618165463196665494407184426
-0.1768588203568901839690577484
0.1166604434852965820446625075404
-0.0592300934293132070937185752
0.1183214152792622765163710857005
0.0592300934293132070937185752
0.1183214152792622765163710857005
0.1768588203568901839690577484
0.1166604434852965820446625075404
0.2920048394859568951428353821
0.1133618165463196665494407184426
0.4030517551234863064810773771
0.108471840528576590656579426728
0.5084407148245057176957030647
0.1020591610944254232384140702534
0.6066922930176180632319787469
0.0942138003559141484636648830673
0.6964272604199572648638139137
0.08504589431348523921044776508
0.7763859488206788561929672472
0.0746841497656597458870757961028
0.8454459427884980187975070615
0.06327404632957483553945368990705
0.9026378619843070742176655992
0.05097582529714781199831990072407
0.9471590666617142501359152835
0.03796238329436276395030314124885
0.9783854459564709911005803543
0.02441785109263190878961582751979
0.9958857011456169290032169593
0.01055137261734300715565118768525
0.
0.
0.
0.
0.
0.
0.
0.
0.
0.
0.
0.
0.
0.
0.
0.
0.
0.
0.
0.
-0.9961792628889885669388872084
0.009798996051294360261150055091259
-0.9799234759615012228558733557
0.02268623159618062319603420644676
-0.9509005578147050068519080306
0.03529705375741971102257828930471
-0.9094823206774911043006450182
0.04744941252061506270409671011418
-0.85620790801829449030273722271
0.05898353685983359911030083371953
-0.79177163907050822714439734411
0.06974882376624559298432288835667
-0.71701347373942369929481621164
0.07960486777305777126307495900984
-0.6329079719464951409277346376
0.08842315854375695019432280285375
-0.5405515645794568949003009416
0.09608872737002850756565264655811
-0.4411482517500268805859741557
0.10250163781774579867124771153266
-0.3359939036385088997303190342
0.10757828578853318721216298442666
-0.2264593654395368588572391074
0.11125248835684519267216309604285
-0.1139725856095299669328949839
0.1134763461089651486203699480921
0.e-28
0.1142208673789569890450457369018
0.1139725856095299669328949839
0.1134763461089651486203699480921
0.2264593654395368588572391074
0.11125248835684519267216309604285
0.3359939036385088997303190342
0.10757828578853318721216298442666
0.4411482517500268805859741557
0.10250163781774579867124771153266
0.5405515645794568949003009416
0.09608872737002850756565264655811
0.6329079719464951409277346376
0.08842315854375695019432280285375
0.7170134737394236992948162116
0.07960486777305777126307495900984
0.7917716390705082271443973441
0.06974882376624559298432288835667
0.8562079080182944903027372227
0.05898353685983359911030083371953
0.9094823206774911043006450182
0.04744941252061506270409671011418
0.9509005578147050068519080306
0.03529705375741971102257828930471
0.9799234759615012228558733557
0.02268623159618062319603420644676
0.9961792628889885669388872084
0.009798996051294360261150055091259
0.
0.
0.
0.
0.
0.
0.
0.
0.
0.
0.
0.
0.
0.
0.
0.
0.
0.
-0.9964424975739544499504363905
0.00912428259309451773881615392295
-0.9813031653708727536945599458
0.02113211259277125975150038099327
-0.9542592806289381972541018397
0.03290142778230437997763081917053
-0.9156330263921320738696894233
0.04427293475900422783958787765321
-0.8658925225743950489422545674
0.05510734567571674543148291822695
-0.80564137091717917144788595543
0.0652729239669995957933975667755
-0.7356108780136317720281445103
0.074646214234568779023931887173
-0.6566510940388649612198981765
0.0831134172289012183903964982443
-0.5697204718114017193080032834
0.0905717443930328409421860313368
-0.4758742249551182610344118477
0.0969306579979299158504890060954
-0.3762515160890787102213572096
0.1021129675780607698142166385057
-0.2720616276351780776768263561
0.1060557659228464179104164369968
-0.1645692821333807712814717779
0.1087111922582941352535715193037
-0.0550792898840342704265165273
0.1100470130164751962823762656018
0.0550792898840342704265165273
0.1100470130164751962823762656018
0.1645692821333807712814717779
0.1087111922582941352535715193037
0.2720616276351780776768263561
0.1060557659228464179104164369968
0.3762515160890787102213572096
0.1021129675780607698142166385057
0.4758742249551182610344118477
0.0969306579979299158504890060954
0.5697204718114017193080032834
0.0905717443930328409421860313368
0.6566510940388649612198981765
0.0831134172289012183903964982443
0.7356108780136317720281445103
0.074646214234568779023931887173
0.8056413709171791714478859554
0.0652729239669995957933975667755
0.8658925225743950489422545674
0.05510734567571674543148291822695
0.9156330263921320738696894233
0.04427293475900422783958787765321
0.9542592806289381972541018397
0.03290142778230437997763081917053
0.9813031653708727536945599458
0.02113211259277125975150038099327
0.9964424975739544499504363905
0.00912428259309451773881615392295
0.
0.
0.
0.
0.
0.
0.
0.
0.
0.
0.
0.
0.
0.
0.
0.
-0.9966794422605965861631915325
0.00851690387874640965426381330225
-0.9825455052614131748709260158
0.0197320850561227059838598016404
-0.957285595778087725798208037
0.03074049220209362264440852537462
-0.9211802329530587850937534361
0.04140206251868283610483001011408
-0.8746378049201027904177934213
0.05159482690249792391259438117954
-0.81818548761525244498957221458
0.06120309065707913854210984802391
-0.7524628517344771339126100772
0.07011793325505127856958148694888
-0.6782145376026865151561850054
0.07823832713576378382814488865968
-0.5962817971382278203795862112
0.08547225736617252754534484929721
-0.5075929551242276421026279196
0.09173775713925876334796641107711
-0.413152888174008663890706586
0.09696383409440860630190007488269
-0.3140316378676399349481959232
0.1010912737599149661218205469075
-0.2113522861660010745063757289
0.10407331007772937391332847128512
-0.1062782301326792301709823924
0.10587615509732094140659132785219
0.e-28
0.1064793817183142442465111269097
0.1062782301326792301709823924
0.10587615509732094140659132785219
0.2113522861660010745063757289
0.10407331007772937391332847128512
0.3140316378676399349481959232
0.1010912737599149661218205469075
0.413152888174008663890706586
0.09696383409440860630190007488269
0.5075929551242276421026279196
0.09173775713925876334796641107711
0.5962817971382278203795862112
0.08547225736617252754534484929721
0.6782145376026865151561850054
0.07823832713576378382814488865968
0.7524628517344771339126100772
0.07011793325505127856958148694888
0.8181854876152524449895722146
0.06120309065707913854210984802391
0.8746378049201027904177934213
0.05159482690249792391259438117954
0.9211802329530587850937534361
0.04140206251868283610483001011408
0.957285595778087725798208037
0.03074049220209362264440852537462
0.9825455052614131748709260158
0.0197320850561227059838598016404
0.9966794422605965861631915325
0.00851690387874640965426381330225
0.
0.
0.
0.
0.
0.
0.
0.
0.
0.
0.
0.
0.
0.
-0.9968934840746495402716300509
0.00796819249616660561546588347467
-0.9836681232797472099700325816
0.01846646831109095914230213191205
-0.9600218649683075122168710256
0.02878470788332336934971917961129
-0.9262000474292743258793242771
0.03879919256962704959680193644635
-0.8825605357920526815431164625
0.04840267283059405290293814042281
-0.82956576238276839744289811973
0.05749315621761906648172168940206
-0.767777432104826194917977341
0.065974229882180495128128515116
-0.697850494793315796932292388
0.0737559747377052062682438500222
-0.6205261829892428611404775564
0.0807558952294202153546949384605
-0.5366241481420198992641697933
0.0868997872010829798023875307151
-0.4470337695380891767806099003
0.0921225222377861287176327070876
-0.3527047255308781134710372071
0.0963687371746442596394686263518
-0.2546369261678898464398051298
0.0995934205867952670627802821036
-0.1538699136085835469637946727
0.1017623897484055045964289521686
-0.0514718425553176958330252132
0.1028526528935588403412856367054
0.0514718425553176958330252132
0.1028526528935588403412856367054
0.1538699136085835469637946727
0.1017623897484055045964289521686
0.2546369261678898464398051298
0.0995934205867952670627802821036
0.3527047255308781134710372071
0.0963687371746442596394686263518
0.4470337695380891767806099003
0.0921225222377861287176327070876
0.5366241481420198992641697933
0.0868997872010829798023875307151
0.6205261829892428611404775564
0.0807558952294202153546949384605
0.697850494793315796932292388
0.0737559747377052062682438500222
0.767777432104826194917977341
0.065974229882180495128128515116
0.8295657623827683974428981197
0.05749315621761906648172168940206
0.8825605357920526815431164625
0.04840267283059405290293814042281
0.9262000474292743258793242771
0.03879919256962704959680193644635
0.9600218649683075122168710256
0.02878470788332336934971917961129
0.9836681232797472099700325816
0.01846646831109095914230213191205
0.9968934840746495402716300509
0.00796819249616660561546588347467
0.
0.
0.
0.
0.
0.
0.
0.
0.
0.
0.
0.
-0.9970874818194770740556265542
0.007470831579248775858696875032212
-0.9846859096651524840024651667
0.01731862079031058246315799608682
-0.9625039250929496617890524041
0.02700901918497942180060870809193
-0.9307569978966481649569457597
0.0364322739123854640243920104678
-0.889760029948271043374192009
0.04549370752720110290231585789463
-0.8399203201462673400869045359
0.05410308242491685371166625908662
-0.7817331484166249404063600202
0.0621747865610284269103435436867
-0.7157767845868532839059708654
0.06962858323541036616775612625513
-0.6427067229242603461844182032
0.07639038659877661642635767490133
-0.5632491614071492627209449236
0.08239299176158926390382336743196
-0.4781937820449024804405940394
0.08757674060847787612619806969533
-0.3883859016082329430613514613
0.09189011389364147821536287160715
-0.2947180699817016166179038977
0.0952902429123195128072041974876
-0.198121199335570628772412996
0.097743335386328725093474010979
-0.0995553121523415203251747901
0.09922501122667230787487551442862
0.e-28
0.0997205447934264514275338337343
0.0995553121523415203251747901
0.09922501122667230787487551442862
0.198121199335570628772412996
0.097743335386328725093474010979
0.2947180699817016166179038977
0.0952902429123195128072041974876
0.3883859016082329430613514613
0.09189011389364147821536287160715
0.4781937820449024804405940394
0.08757674060847787612619806969533
0.5632491614071492627209449236
0.08239299176158926390382336743196
0.6427067229242603461844182032
0.07639038659877661642635767490133
0.7157767845868532839059708654
0.06962858323541036616775612625513
0.7817331484166249404063600202
0.0621747865610284269103435436867
0.8399203201462673400869045359
0.05410308242491685371166625908662
0.889760029948271043374192009
0.04549370752720110290231585789463
0.9307569978966481649569457597
0.0364322739123854640243920104678
0.9625039250929496617890524041
0.02700901918497942180060870809193
0.9846859096651524840024651667
0.01731862079031058246315799608682
0.9970874818194770740556265542
0.007470831579248775858696875032212
0.
0.
0.
0.
0.
0.
0.
0.
0.
0.
-0.9972638618494815635449811287
0.00701861000947009660040706373885
-0.9856115115452683354001750446
0.01627439473090567060517056220639
-0.9647622555875064307738119281
0.02539206530926205945575258978922
-0.9349060759377396891709191348
0.03427386291302143310268773225237
-0.8963211557660521239653072437
0.04283589802222668065687864660613
-0.849367613732569970133693005
0.05099805926237617619616324468952
-0.794483795967942406963097299
0.05868409347853554714528363730017
-0.7321821187402896803874266651
0.0658222227763618468376500637069
-0.6630442669302152009751151687
0.0723457941088485062253993564785
-0.5877157572407623290407454764
0.0781938957870703064717409188283
-0.5068999089322293900237474744
0.0833119242269467552221990746043
-0.4213512761306353453641194362
0.0876520930044038111427714627518
-0.3318686022821276497799168057
0.0911738786957638847128685771116
-0.2392873622521370745446032092
0.0938443990808045656391802376681
-0.1444719615827964934851863736
0.0956387200792748594190820022041
-0.0483076656877383162348125704
0.0965400885147278005667648300636
0.0483076656877383162348125704
0.0965400885147278005667648300636
0.1444719615827964934851863736
0.0956387200792748594190820022041
0.2392873622521370745446032092
0.0938443990808045656391802376681
0.3318686022821276497799168057
0.0911738786957638847128685771116
0.4213512761306353453641194362
0.0876520930044038111427714627518
0.5068999089322293900237474744
0.0833119242269467552221990746043
0.5877157572407623290407454764
0.0781938957870703064717409188283
0.6630442669302152009751151687
0.0723457941088485062253993564785
0.7321821187402896803874266651
0.0658222227763618468376500637069
0.794483795967942406963097299
0.05868409347853554714528363730017
0.849367613732569970133693005
0.05099805926237617619616324468952
0.8963211557660521239653072437
0.04283589802222668065687864660613
0.9349060759377396891709191348
0.03427386291302143310268773225237
0.9647622555875064307738119281
0.02539206530926205945575258978922
0.9856115115452683354001750446
0.01627439473090567060517056220639
0.9972638618494815635449811287
0.00701861000947009660040706373885
0.
0.
0.
0.
0.
0.
0.
0.
-0.9974246942464552172661680176
0.006606227847587378058649235208474
-0.9864557262306424881103756983
0.01532170151293467612794576853366
-0.9668229096899927689283777067
0.02391554810174948035053325752919
-0.9386943726111683503558351244
0.03230035863232895328156144724943
-0.9023167677434335830405313315
0.0404015413316695915634097905274
-0.8580096526765040646430614801
0.04814774281871169567014688013812
-0.8061623562741665897962008708
0.05547084663166356128494449543926
-0.7472304964495621578590551249
0.0623064825303174800316277257709
-0.6817319599697427862682159469
0.06859457281865671280595507301496
-0.6102423458363790273072875135
0.07427985484395414934247217591847
-0.533389904786347643548894265
0.079312364794886738363908384942
-0.4518500172724506957259932772
0.08364787606703870761392801451766
-0.3663392577480733410702206233
0.08724828761884433760728167094545
-0.2776090971524970294032480673
0.09008195866063857723974370550022
-0.1864392988279915723357987592
0.09212398664331684621324097771736
-0.0936310658547333856707429241
0.09335642606559611616099912627428
0.e-28
0.0937684461602099965673045415463
0.0936310658547333856707429241
0.09335642606559611616099912627428
0.1864392988279915723357987592
0.09212398664331684621324097771736
0.2776090971524970294032480673
0.09008195866063857723974370550022
0.3663392577480733410702206233
0.08724828761884433760728167094545
0.4518500172724506957259932772
0.08364787606703870761392801451766
0.533389904786347643548894265
0.079312364794886738363908384942
0.6102423458363790273072875135
0.07427985484395414934247217591847
0.6817319599697427862682159469
0.06859457281865671280595507301496
0.7472304964495621578590551249
0.0623064825303174800316277257709
0.8061623562741665897962008708
0.05547084663166356128494449543926
0.8580096526765040646430614801
0.04814774281871169567014688013812
0.9023167677434335830405313315
0.0404015413316695915634097905274
0.9386943726111683503558351244
0.03230035863232895328156144724943
0.9668229096899927689283777067
0.02391554810174948035053325752919
0.9864557262306424881103756983
0.01532170151293467612794576853366
0.9974246942464552172661680176
0.006606227847587378058649235208474
0.
0.
0.
0.
0.
0.
-0.9975717537908419192433724375
0.006229140555908684718606461071438
-0.9872278164063094850497504311
0.01445016274859503541520221032875
-0.9687082625333442817646465731
0.02256372198549497008409408871495
-0.9421623974051070916316760255
0.03049138063844613180944238768132
-0.907809677718324468800899889
0.03816659379638751632176592028998
-0.8659346383345644692635720907
0.04552561152335327245382256339527
-0.8168842279009336645915789066
0.05250741457267810616824597484247
-0.761064876629873014187408969
0.05905413582752449319396097235053
-0.6989391132162629079330001066
0.0651115215540764113785444300649
-0.6310217270805285453177757555
0.0706293758142557249990387965677
-0.5578755006697466427364598862
0.0755619746600319312708339742284
-0.4801065451903270341941026805
0.0798684443397718447388188328064
-0.3983592777586459406314947529
0.0835130996998456551870202280461
-0.3133110813394632474583167657
0.0864657397470357497842468562807
-0.2256666916164494838686411809
0.0887018978356938692870764573649
-0.1361523572591829758944288243
0.0902030443706407295739422420175
-0.0455098219531025427490756709
0.0909567403302598736153376039486
0.0455098219531025427490756709
0.0909567403302598736153376039486
0.1361523572591829758944288243
0.0902030443706407295739422420175
0.2256666916164494838686411809
0.0887018978356938692870764573649
0.3133110813394632474583167657
0.0864657397470357497842468562807
0.3983592777586459406314947529
0.0835130996998456551870202280461
0.4801065451903270341941026805
0.0798684443397718447388188328064
0.5578755006697466427364598862
0.0755619746600319312708339742284
0.6310217270805285453177757555
0.0706293758142557249990387965677
0.6989391132162629079330001066
0.0651115215540764113785444300649
0.761064876629873014187408969
0.05905413582752449319396097235053
0.8168842279009336645915789066
0.05250741457267810616824597484247
0.8659346383345644692635720907
0.04552561152335327245382256339527
0.907809677718324468800899889
0.03816659379638751632176592028998
0.9421623974051070916316760255
0.03049138063844613180944238768132
0.9687082625333442817646465731
0.02256372198549497008409408871495
0.9872278164063094850497504311
0.01445016274859503541520221032875
0.9975717537908419192433724375
0.006229140555908684718606461071438
0.
0.
0.
0.
-0.9977065690996002972601631393
0.005883433420443084975753896240113
-0.9879357644438514980351170892
0.01365082834836149226640400292052
-0.9704376160392298332150704826
0.02132297991148358088343798396621
-0.9453451482078273295387259855
0.02882926010889425404871603971448
-0.9128542613593176144649370636
0.03611011586346338053271696964755
-0.8732191250252223315232823491
0.04310842232617021878230645937491
-0.8267498990922254068340506127
0.04976937040135352980519967608499
-0.7738102522869125552674230092
0.0560408162123701285783277471651
-0.7148145015566287832644086312
0.06187367196608018888701413878869
-0.650224364665890388675792809
0.06722228526908690396430550874815
-0.5805453447497645099345020082
0.07204479477256006466546190978528
-0.5063227732414886150242975558
0.07630345715544205353865853788423
-0.428137541517814254187620613
0.07996494224232426293266208098505
-0.3466015544308139458769798349
0.08300059372885658837992652821618
-0.2623529412092960579708952005
0.08538665339209912522594398739112
-0.1760510611659895699743036564
0.08710444699718353424332203160554
-0.0883713432756592636009294335
0.0881405304302754629707388075931
0.e-28
0.0884867949071042906382073877776
0.0883713432756592636009294335
0.0881405304302754629707388075931
0.1760510611659895699743036564
0.08710444699718353424332203160554
0.2623529412092960579708952005
0.08538665339209912522594398739112
0.3466015544308139458769798349
0.08300059372885658837992652821618
0.428137541517814254187620613
0.07996494224232426293266208098505
0.5063227732414886150242975558
0.07630345715544205353865853788423
0.5805453447497645099345020082
0.07204479477256006466546190978528
0.650224364665890388675792809
0.06722228526908690396430550874815
0.7148145015566287832644086312
0.06187367196608018888701413878869
0.7738102522869125552674230092
0.0560408162123701285783277471651
0.8267498990922254068340506127
0.04976937040135352980519967608499
0.8732191250252223315232823491
0.04310842232617021878230645937491
0.9128542613593176144649370636
0.03611011586346338053271696964755
0.9453451482078273295387259855
0.02882926010889425404871603971448
0.9704376160392298332150704826
0.02132297991148358088343798396621
0.9879357644438514980351170892
0.01365082834836149226640400292052
0.9977065690996002972601631393
0.005883433420443084975753896240113
0.
0.
-0.9978304624840858361988283456
0.005565719664245045361255984390548
-0.9885864789022122380733951079
0.01291594728406557440450341149779
-0.9720276910496979493356050484
0.02018151529773547153209892895822
-0.9482729843995075452024741149
0.02729862149856877909441718086798
-0.917497774515659066075867223
0.03421381077030722992124506156271
-0.8799298008903971319824273375
0.04087575092364489547411454514326
-0.8358471669924753064188208725
0.04723508349026597841661682961667
-0.7855762301322065128277689651
0.05324471397775991909202562828622
-0.729489171593556582090260479
0.05886014424532481730967539981892
-0.6680012365855210620971913443
0.0640397973550154895563847986259
-0.6015676581359805350799449751
0.0687453238357364426136896393636
-0.5306802859262451616407090801
0.0729418850056530613538733769413
-0.4558639444334202672072176693
0.0765984106458706745287577337215
-0.3776725471196892163227363897
0.0796878289120716019087246655019
-0.2966849953440282705032390477
0.0821872667043397095172234735449
-0.2135008923168655789432262289
0.0840782189796619349334576242916
-0.128736103809384788651993388
0.0853466857393386274918505430765
-0.0430181984737086072269689782
0.0859832756703947474900851747905
0.0430181984737086072269689782
0.0859832756703947474900851747905
0.128736103809384788651993388
0.0853466857393386274918505430765
0.2135008923168655789432262289
0.0840782189796619349334576242916
0.2966849953440282705032390477
0.0821872667043397095172234735449
0.3776725471196892163227363897
0.0796878289120716019087246655019
0.4558639444334202672072176693
0.0765984106458706745287577337215
0.5306802859262451616407090801
0.0729418850056530613538733769413
0.6015676581359805350799449751
0.0687453238357364426136896393636
0.6680012365855210620971913443
0.0640397973550154895563847986259
0.729489171593556582090260479
0.05886014424532481730967539981892
0.7855762301322065128277689651
0.05324471397775991909202562828622
0.8358471669924753064188208725
0.04723508349026597841661682961667
0.8799298008903971319824273375
0.04087575092364489547411454514326
0.917497774515659066075867223
0.03421381077030722992124506156271
0.9482729843995075452024741149
0.02729862149856877909441718086798
0.9720276910496979493356050484
0.02018151529773547153209892895822
0.9885864789022122380733951079
0.01291594728406557440450341149779
0.9978304624840858361988283456
0.005565719664245045361255984390548