3.59551466918e-26    10932.9973363
3.76850653783e-26    10790.9068323
3.95119255226e-26    10650.6236741
4.14414238736e-26    10512.2212969
4.34795657407e-26    10375.7724081
4.56326751096e-26    10241.3489853
4.7907404019e-26    10109.0222554
5.03107410044e-26    9978.86265148
5.28500183956e-26    9850.93975052
5.55329182383e-26    9725.32219092
5.83674765913e-26    9602.07757054
6.13620859341e-26    9481.27232611
6.45254954118e-26    9362.97159445
6.78668086264e-26    9247.2390564
7.13954786862e-26    9134.13676448
7.51213002164e-26    9023.72495515
7.90543980477e-26    8916.06184711
8.32052123033e-26    8811.20342665
8.75844796355e-26    8709.20322175
9.22032103807e-26    8610.11206633
9.70726614545e-26    8513.97785632
1.02204304843e-25    8420.84529945
1.07609791624e-25    8330.75566058
1.13300911496e-25    8243.74650461
1.19289547911e-25    8159.85143902
1.25587628948e-25    8079.09985848
1.32207074204e-25    8001.51669347
1.39159738042e-25    7927.1221657
1.46457349676e-25    7855.93155242
1.54111450633e-25    7787.95496245
1.62133330256e-25    7723.19712619
1.70533959996e-25    7661.65720253
1.79323927306e-25    7603.32860491
1.8851337e-25    7548.19884952
1.98111912009e-25    7496.24942781
2.08128601418e-25    7447.45570621
2.18571851707e-25    7401.78685521
2.2944938701e-25    7359.20581021
2.40768192203e-25    7319.66926631
2.52534468391e-25    7283.12770893
2.64753594387e-25    7249.52548195
2.77430094453e-25    7218.80089471
2.90567612504e-25    7190.88636899
3.04168892633e-25    7165.70862643
3.1823576578e-25    7143.18891674
3.32769141969e-25    7123.24328614
3.47769007528e-25    7105.78288539
3.63234426304e-25    7090.71431579
3.79163543954e-25    7077.94001128
3.95553593959e-25    7067.35865396
4.12400904312e-25    7058.86562
4.29700903326e-25    7052.35345213
4.47448123481e-25    7047.71235471
4.65636201711e-25    7044.83070658
4.84257875215e-25    7043.59558698
5.03304971349e-25    7043.89330917
5.22768390975e-25    7045.60995653
5.42638084118e-25    7048.63191565
5.62903017737e-25    7052.84640102
5.83551134842e-25    7058.14196628
6.04569305277e-25    7064.40899702
6.25943267813e-25    7071.54018049
6.47657564437e-25    7079.43094824
6.69695466885e-25    7087.97988796
6.92038896855e-25    7097.08912146
7.14668340332e-25    7106.66464634
7.3756275797e-25    7116.61663932
7.60699492303e-25    7126.85972002
7.84054174184e-25    7137.31317431
8.07600629531e-25    7147.90113704
8.31310789157e-25    7158.55273432
8.55154602993e-25    7169.20218599
8.79099961852e-25    7179.78886925
9.03112628162e-25    7190.25734478
9.27156179115e-25    7200.55734677
9.51191963748e-25    7210.64373873
9.75179077535e-25    7220.47643665
9.99074356025e-25    7230.02030169
1.02283239112e-24    7239.24500417
1.04640557132e-24    7248.12486097
1.06974414945e-24    7256.63864827
1.09279633876e-24    7264.76939174
1.11550844046e-24    7272.50413605
1.13782500318e-24    7279.83369586
1.15968901646e-24    7286.75239025
1.18104213801e-24    7293.25776266
1.20182495593e-24    7299.35028848
1.22197728425e-24    7305.03307247
1.24143849186e-24    7310.31153814
1.26014786183e-24    7315.19311155
1.27804497948e-24    7319.68690185
1.29507014484e-24    7323.80338106
1.31116480637e-24    7327.55406569
1.3262720098e-24    7330.95120276
1.34033685768e-24    7334.00746308
1.35330697224e-24    7336.73564432
1.3651329558e-24    7339.14838679
1.3757688407e-24    7341.25790452
1.38517252224e-24    7343.07573435
1.39330616636e-24    7344.61250556
1.40013658565e-24    7345.87773241
1.405635576e-24    7346.87963191
1.40978020825e-24    7347.62496861
1.4125530685e-24    7348.11892838
1.41394244291e-24    7348.36502235
1.41394244291e-24    7348.36502235
1.4125530685e-24    7348.11892838
1.40978020825e-24    7347.62496861
1.405635576e-24    7346.87963191
1.40013658565e-24    7345.87773241
1.39330616636e-24    7344.61250556
1.38517252224e-24    7343.07573435
1.3757688407e-24    7341.25790452
1.3651329558e-24    7339.14838679
1.35330697224e-24    7336.73564432
1.34033685768e-24    7334.00746308
1.3262720098e-24    7330.95120276
1.31116480637e-24    7327.55406569
1.29507014484e-24    7323.80338106
1.27804497948e-24    7319.68690185
1.26014786183e-24    7315.19311155
1.24143849186e-24    7310.31153814
1.22197728425e-24    7305.03307247
1.20182495593e-24    7299.35028848
1.18104213801e-24    7293.25776266
1.15968901646e-24    7286.75239025
1.13782500318e-24    7279.83369586
1.11550844046e-24    7272.50413605
1.09279633876e-24    7264.76939174
1.06974414945e-24    7256.63864827
1.04640557132e-24    7248.12486097
1.02283239112e-24    7239.24500417
9.99074356025e-25    7230.02030169
9.75179077535e-25    7220.47643665
9.51191963748e-25    7210.64373873
9.27156179115e-25    7200.55734677
9.03112628162e-25    7190.25734478
8.79099961852e-25    7179.78886925
8.55154602993e-25    7169.20218599
8.31310789157e-25    7158.55273432
8.07600629531e-25    7147.90113704
7.84054174184e-25    7137.31317431
7.60699492303e-25    7126.85972002
7.3756275797e-25    7116.61663932
7.14668340332e-25    7106.66464634
6.92038896855e-25    7097.08912146
6.69695466885e-25    7087.97988796
6.47657564437e-25    7079.43094824
6.25943267813e-25    7071.54018049
6.04569305277e-25    7064.40899702
5.83551134842e-25    7058.14196628
5.62903017737e-25    7052.84640102
5.42638084118e-25    7048.63191565
5.22768390975e-25    7045.60995653
5.03304971349e-25    7043.89330917
4.84257875215e-25    7043.59558698
4.65636201711e-25    7044.83070658
4.47448123481e-25    7047.71235471
4.29700903326e-25    7052.35345213
4.12400904312e-25    7058.86562
3.95553593959e-25    7067.35865396
3.79163543954e-25    7077.94001128
3.63234426304e-25    7090.71431579
3.47769007528e-25    7105.78288539
3.32769141969e-25    7123.24328614
3.1823576578e-25    7143.18891674
3.04168892633e-25    7165.70862643
2.90567612504e-25    7190.88636899
2.77430094453e-25    7218.80089471
2.64753594387e-25    7249.52548195
2.52534468391e-25    7283.12770893
2.40768192203e-25    7319.66926631
2.2944938701e-25    7359.20581021
2.18571851707e-25    7401.78685521
2.08128601418e-25    7447.45570621
1.98111912009e-25    7496.24942781
1.8851337e-25    7548.19884952
1.79323927306e-25    7603.32860491
1.70533959996e-25    7661.65720253
1.62133330256e-25    7723.19712619
1.54111450633e-25    7787.95496245
1.46457349676e-25    7855.93155242
1.39159738042e-25    7927.1221657
1.32207074204e-25    8001.51669347
1.25587628948e-25    8079.09985848
1.19289547911e-25    8159.85143902
1.13300911496e-25    8243.74650461
1.07609791624e-25    8330.75566058
1.02204304843e-25    8420.84529945
9.70726614545e-26    8513.97785632
9.22032103807e-26    8610.11206633
8.75844796355e-26    8709.20322175
8.32052123033e-26    8811.20342665
7.90543980477e-26    8916.06184711
7.51213002164e-26    9023.72495515
7.13954786862e-26    9134.13676448
6.78668086264e-26    9247.2390564
6.45254954118e-26    9362.97159445
6.13620859341e-26    9481.27232611
5.83674765913e-26    9602.07757054
5.55329182383e-26    9725.32219092
5.28500183956e-26    9850.93975052
5.03107410044e-26    9978.86265148
4.7907404019e-26    10109.0222554
4.56326751096e-26    10241.3489853
4.34795657407e-26    10375.7724081
4.14414238736e-26    10512.2212969
3.95119255226e-26    10650.6236741
3.76850653783e-26    10790.9068323
3.59551466918e-26    10932.9973363
