#---it----------t---------itype-iproc---l-----m-----n-------x------------y------------z-----------rho---------rhom----------TT-----------EE----------Ekin----------Ecr--------t_sedov------radius------site_Nsol------maxTT------t_interval----SN_rate--
         1  0.65678E-05     1    14    14    22    23 -0.38000E-01  0.74000E-01  0.78000E-01  0.70564E+00  0.69178E+00  0.19864E+03  0.21269E+00 -0.69389E-17  0.00000E+00  0.13523E-03  0.20000E-01  0.57312E+03  0.77168E+04  0.92023E-04  0.97677E-02
         1  0.65678E-05     2    10    20    19    25 -0.14000E-01  0.62000E-01 -0.54000E-01  0.77377E+00  0.75970E+00  0.19938E+03  0.21269E+00  0.00000E+00  0.00000E+00  0.14172E-03  0.20000E-01  0.62940E+03  0.70556E+04  0.19862E-03  0.13024E-02
        99  0.10454E-03     1    11    11    10    25  0.30000E-01  0.26000E-01 -0.54000E-01  0.77406E+00  0.76044E+00  0.19426E+03  0.21269E+00  0.00000E+00  0.00000E+00  0.14179E-03  0.20000E-01  0.63001E+03  0.70479E+04  0.25900E-03  0.97677E-02
       189  0.21058E-03     2    12    11     9    34 -0.50000E-01 -0.58000E-01  0.12200E+00  0.55687E+00  0.54454E+00  0.19640E+03  0.21269E+00  0.00000E+00  0.00000E+00  0.11998E-03  0.20000E-01  0.45114E+03  0.97231E+04  0.75749E-03  0.13024E-02
       320  0.36592E-03     1     1    18     6    32  0.58000E-01 -0.70000E-01 -0.30600E+00  0.87504E-01  0.84930E-01  0.22657E+03  0.21267E+00  0.00000E+00  0.00000E+00  0.11246E-03  0.28260E-01  0.19851E+03  0.22397E+05  0.32662E-02  0.97677E-02
       580  0.97053E-03     2     8     5    12    21 -0.74000E-01 -0.46000E-01 -0.70000E-01  0.73035E+00  0.70317E+00  0.16601E+03  0.21269E+00  0.00000E+00  0.00000E+00  0.13634E-03  0.20000E-01  0.58256E+03  0.74298E+04  0.12299E-02  0.13024E-02
      1021  0.22043E-02     2    13     9    17    25  0.22000E-01 -0.26000E-01  0.86000E-01  0.68275E+00  0.67958E+00  0.15671E+03  0.21269E+00  0.00000E+00  0.00000E+00  0.13404E-03  0.20000E-01  0.56304E+03  0.79266E+04  0.19225E-03  0.13024E-02
      1142  0.23984E-02     2    18    23    15    19 -0.20000E-02  0.46000E-01  0.20200E+00  0.28667E+00  0.28224E+00  0.20291E+03  0.21269E+00  0.00000E+00  0.00000E+00  0.86379E-04  0.20000E-01  0.23383E+03  0.18709E+05  0.19318E-02  0.13024E-02
      1651  0.36335E-02     1     4     9    16    27 -0.58000E-01 -0.30000E-01 -0.18600E+00  0.32815E+00  0.32482E+00  0.19579E+03  0.21269E+00  0.00000E+00  0.00000E+00  0.92666E-04  0.20000E-01  0.26911E+03  0.16362E+05  0.65028E-03  0.97677E-02
      1997  0.42840E-02     1     5     4     7    14  0.20000E-02 -0.66000E-01 -0.23800E+00  0.19892E+00  0.21173E+00  0.21491E+03  0.21269E+00  0.00000E+00  0.00000E+00  0.90178E-04  0.21551E-01  0.21948E+03  0.23004E+05  0.55655E-01  0.97677E-02
      2083  0.43305E-02     2    10    18    22    15 -0.22000E-01  0.74000E-01 -0.94000E-01  0.62429E+00  0.61799E+00  0.15702E+03  0.21269E+00  0.00000E+00  0.00000E+00  0.12782E-03  0.20000E-01  0.51199E+03  0.86548E+04  0.15391E-02  0.13024E-02
      2676  0.58722E-02     2     4    12     4    37 -0.46000E-01 -0.78000E-01 -0.14600E+00  0.59906E+00  0.53856E+00  0.18060E+03  0.21269E+00  0.00000E+00  0.00000E+00  0.11932E-03  0.20000E-01  0.44620E+03  0.91458E+04  0.10936E-02  0.13024E-02
      3006  0.69693E-02     2    14     4    18     7 -0.78000E-01  0.58000E-01  0.14000E-01  0.10616E+01  0.10368E+01  0.76787E+02  0.20549E+00  0.30731E-02  0.00000E+00  0.16556E-03  0.20000E-01  0.85898E+03  0.48326E+04  0.46791E-03  0.13024E-02
      3159  0.74394E-02     2    18    16     7    10 -0.30000E-01  0.14000E-01  0.16600E+00  0.31743E+00  0.31662E+00  0.18517E+03  0.21269E+00  0.00000E+00  0.00000E+00  0.91492E-04  0.20000E-01  0.26233E+03  0.16950E+05  0.10583E-02  0.13024E-02
      3622  0.85004E-02     2    10    18     8    19 -0.22000E-01  0.18000E-01 -0.78000E-01  0.75680E+00  0.72290E+00  0.11220E+03  0.21269E+00  0.00000E+00  0.00000E+00  0.13824E-03  0.20000E-01  0.59891E+03  0.75574E+04  0.62644E-03  0.13024E-02
      3847  0.91289E-02     2    14    20    18    28 -0.14000E-01  0.58000E-01  0.98000E-01  0.52387E+00  0.52915E+00  0.14989E+03  0.21269E+00 -0.37253E-08  0.00000E+00  0.11827E-03  0.20000E-01  0.43839E+03  0.10277E+05  0.78726E-03  0.13024E-02
      4128  0.99166E-02     2    13     5    23    17  0.60000E-02 -0.20000E-02  0.54000E-01  0.49622E+00  0.53977E+00  0.17660E+03  0.21269E+00  0.00000E+00  0.00000E+00  0.11946E-03  0.20000E-01  0.44719E+03  0.10868E+05  0.22484E-02  0.13024E-02
      4689  0.12167E-01     2    14    15    22    19 -0.34000E-01  0.74000E-01  0.62000E-01  0.43990E+00  0.45894E+00  0.17260E+03  0.21269E+00  0.00000E+00  0.00000E+00  0.11015E-03  0.20000E-01  0.38023E+03  0.12232E+05  0.16919E-02  0.13024E-02
      5187  0.13861E-01     2    19    11    13    11  0.30000E-01  0.38000E-01  0.17000E+00  0.28252E+00  0.25950E+00  0.20182E+03  0.21269E+00  0.00000E+00  0.00000E+00  0.82826E-04  0.20000E-01  0.21499E+03  0.18980E+05  0.50195E-02  0.13024E-02
      6412  0.18886E-01     2     8    10     9    23 -0.54000E-01 -0.58000E-01 -0.62000E-01  0.43565E+00  0.43064E+00  0.16988E+03  0.20971E+00  0.74506E-08  0.00000E+00  0.10670E-03  0.20000E-01  0.35678E+03  0.12347E+05  0.78920E-04  0.13024E-02
      6585  0.18967E-01     2    15    15    11    37  0.46000E-01  0.30000E-01  0.13400E+00  0.19450E+00  0.20843E+00  0.27304E+03  0.21149E+00  0.00000E+00  0.00000E+00  0.89775E-04  0.21580E-01  0.21693E+03  0.22391E+05  0.66324E-03  0.13024E-02
      6918  0.19632E-01     2    11    23    11    35  0.78000E-01  0.30000E-01 -0.14000E-01  0.15671E+01  0.16707E+01  0.59005E+02  0.16551E+00  0.66662E-02  0.00000E+00  0.21016E-03  0.20000E-01  0.13842E+04  0.58217E+04  0.64517E-03  0.13024E-02
      7195  0.20278E-01     2     8     8    18     5 -0.62000E-01 -0.22000E-01 -0.13400E+00  0.23524E+00  0.24655E+00  0.20474E+03  0.19953E+00  0.00000E+00  0.00000E+00  0.85212E-04  0.20437E-01  0.21793E+03  0.21342E+05  0.38722E-02  0.13024E-02
      8258  0.24153E-01     2    11     4    15    28  0.20000E-02  0.46000E-01 -0.42000E-01  0.54762E+00  0.52773E+00  0.17066E+03  0.21269E+00  0.37253E-08  0.00000E+00  0.11811E-03  0.20000E-01  0.43721E+03  0.99816E+04  0.85753E-03  0.13024E-02
      8577  0.25015E-01     2    16    13    21    25 -0.42000E-01 -0.10000E-01  0.22600E+00  0.10657E+00  0.10672E+00  0.28766E+03  0.20890E+00  0.00000E+00  0.00000E+00  0.10500E-03  0.26267E-01  0.20030E+03  0.22631E+05  0.11303E-02  0.13024E-02
      8983  0.26147E-01     2    14    19    17    27 -0.18000E-01  0.54000E-01  0.94000E-01  0.26286E+00  0.25589E+00  0.21471E+03  0.21269E+00  0.00000E+00  0.00000E+00  0.82249E-04  0.20000E-01  0.21200E+03  0.20397E+05  0.63493E-03  0.13024E-02
      9340  0.26786E-01     2    11    20     9    25  0.66000E-01  0.22000E-01 -0.54000E-01  0.37297E+00  0.32673E+00  0.19917E+03  0.17926E+00  0.00000E+00  0.00000E+00  0.92937E-04  0.20000E-01  0.27068E+03  0.14423E+05  0.27359E-02  0.13024E-02
     10155  0.29524E-01     2    11     9    12    26  0.22000E-01  0.34000E-01 -0.50000E-01  0.24612E+00  0.25573E+00  0.21195E+03  0.21269E+00  0.00000E+00  0.00000E+00  0.82223E-04  0.20000E-01  0.21187E+03  0.22157E+05  0.48857E-03  0.13024E-02
     10490  0.30014E-01     2    14     6    21     5 -0.70000E-01  0.70000E-01  0.60000E-02  0.37067E+01  0.33696E+01  0.93729E+01  0.16168E+00  0.24971E-02  0.00000E+00  0.29846E-03  0.20000E-01  0.27917E+04  0.73497E+04  0.12116E-02  0.13024E-02
     10902  0.31229E-01     2     8     7    13    36 -0.66000E-01 -0.42000E-01 -0.10000E-01  0.45979E+00  0.44592E+00  0.18626E+03  0.17862E+00  0.00000E+00  0.00000E+00  0.10857E-03  0.20000E-01  0.36943E+03  0.12296E+05  0.18721E-02  0.13024E-02
     11458  0.33106E-01     2     4    11    14    15 -0.50000E-01 -0.38000E-01 -0.23400E+00  0.76470E-01  0.77066E-01  0.31667E+03  0.19704E+00  0.37253E-08  0.00000E+00  0.11765E-03  0.29339E-01  0.20156E+03  0.22293E+05  0.39983E-02  0.13024E-02
     12587  0.37108E-01     2     8    10    11     5 -0.54000E-01 -0.50000E-01 -0.13400E+00  0.14725E+00  0.15123E+00  0.23251E+03  0.20060E+00  0.00000E+00  0.00000E+00  0.92651E-04  0.23303E-01  0.19817E+03  0.25945E+05  0.24396E-02  0.13024E-02
     13419  0.39550E-01     2     9    22     5    31  0.74000E-01 -0.74000E-01 -0.30000E-01  0.36173E+00  0.32463E+00  0.19164E+03  0.14141E+00  0.00000E+00  0.00000E+00  0.92638E-04  0.20000E-01  0.26895E+03  0.14857E+05  0.63761E-04  0.13024E-02
     13599  0.39614E-01     2    15    23     6    34  0.78000E-01  0.10000E-01  0.12200E+00  0.19538E+00  0.11502E+00  0.25530E+03  0.11570E+00  0.00000E+00  0.00000E+00  0.10268E-03  0.25646E-01  0.20092E+03  0.13358E+05  0.14405E-02  0.13024E-02
     14071  0.41058E-01     2    13     5    13    12  0.60000E-02 -0.42000E-01  0.34000E-01  0.13785E+01  0.28851E+01  0.39531E+02  0.21260E+00  0.41799E-02  0.00000E+00  0.27618E-03  0.20000E-01  0.23903E+04  0.11560E+05  0.21002E-03  0.13024E-02
     14337  0.41268E-01     2    11    20    15    35  0.66000E-01  0.46000E-01 -0.14000E-01  0.11789E+02  0.75081E+01  0.29522E+01  0.21202E+00  0.12128E-02  0.00000E+00  0.44552E-03  0.20000E-01  0.62203E+04  0.32835E+04  0.60561E-03  0.13024E-02
     14635  0.41878E-01     2    15    20     9    27  0.66000E-01  0.22000E-01  0.94000E-01  0.12702E+00  0.14491E+00  0.24136E+03  0.21269E+00  0.00000E+00  0.00000E+00  0.94907E-04  0.23730E-01  0.20052E+03  0.26105E+05  0.37616E-02  0.13024E-02
     15922  0.45644E-01     2    11     9     4    16  0.22000E-01  0.20000E-02 -0.90000E-01  0.24490E+00  0.24442E+00  0.23161E+03  0.21269E+00  0.00000E+00  0.00000E+00  0.80383E-04  0.20000E-01  0.20249E+03  0.22293E+05  0.61687E-03  0.13024E-02
     16289  0.46261E-01     2    12     5     9     9 -0.74000E-01 -0.58000E-01  0.22000E-01  0.56865E+00  0.88835E+00  0.14952E+03  0.21221E+00  0.11245E-01  0.00000E+00  0.15325E-03  0.20000E-01  0.73598E+03  0.94527E+04  0.13157E-03  0.13024E-02
     16438  0.46394E-01     2    14     6    22    30 -0.70000E-01  0.74000E-01  0.10600E+00  0.18311E+00  0.19023E+00  0.26385E+03  0.21269E+00  0.00000E+00  0.00000E+00  0.86243E-04  0.21628E-01  0.19932E+03  0.23199E+05  0.28572E-02  0.13024E-02
     17843  0.49253E-01     2     9    12     5    29  0.34000E-01 -0.74000E-01 -0.38000E-01  0.51561E+00  0.51300E+00  0.20125E+03  0.21269E+00 -0.14901E-07  0.00000E+00  0.11646E-03  0.20000E-01  0.42501E+03  0.10490E+05  0.35160E-03  0.13024E-02
     18146  0.49605E-01     2    15     4     5    10  0.20000E-02  0.60000E-02  0.26000E-01  0.30447E+00  0.91393E+00  0.19892E+03  0.21145E+00  0.10203E-01  0.00000E+00  0.15544E-03  0.20000E-01  0.75717E+03  0.16685E+05  0.14712E-02  0.13024E-02
     19131  0.51078E-01     2    12    17     4    13 -0.26000E-01 -0.78000E-01  0.38000E-01  0.37742E+00  0.47857E+00  0.11898E+03  0.21269E+00  0.00000E+00  0.00000E+00  0.11248E-03  0.20000E-01  0.39648E+03  0.15490E+05  0.37054E-03  0.13024E-02
     19521  0.51450E-01     2    10    12    11    33 -0.46000E-01  0.30000E-01 -0.22000E-01  0.88671E+00  0.28183E+01  0.77749E+02  0.21211E+00  0.37883E-02  0.00000E+00  0.27296E-03  0.20000E-01  0.23349E+04  0.11141E+05  0.84008E-04  0.13024E-02
     19702  0.51534E-01     2     8     7    10    18 -0.66000E-01 -0.54000E-01 -0.82000E-01  0.35921E+00  0.35943E+00  0.21584E+03  0.21229E+00  0.00000E+00  0.00000E+00  0.97477E-04  0.20000E-01  0.29778E+03  0.16416E+05  0.74730E-03  0.13024E-02
     20304  0.52282E-01     2    13    10     7    34  0.26000E-01 -0.66000E-01  0.12200E+00  0.19309E+00  0.20891E+00  0.22037E+03  0.21269E+00  0.00000E+00  0.00000E+00  0.89516E-04  0.21546E-01  0.21639E+03  0.22196E+05  0.99702E-03  0.13024E-02
     20982  0.53281E-01     2    15     7    23    24  0.14000E-01  0.78000E-01  0.82000E-01  0.31901E+00  0.27499E+00  0.27048E+03  0.21269E+00  0.14901E-07  0.00000E+00  0.85263E-04  0.20000E-01  0.22782E+03  0.70944E+05  0.85992E-03  0.13024E-02
     21652  0.54143E-01     2    12    16    12     8 -0.30000E-01 -0.46000E-01  0.18000E-01  0.21035E+00  0.49539E+00  0.15829E+03  0.21269E+00  0.00000E+00  0.00000E+00  0.11528E-03  0.20059E-01  0.41404E+03  0.27546E+05  0.15445E-02  0.13024E-02
     22753  0.55689E-01     2    14     5     8    37 -0.74000E-01  0.18000E-01  0.13400E+00  0.24812E+00  0.24761E+00  0.21629E+03  0.20616E+00  0.14901E-07  0.00000E+00  0.85425E-04  0.20440E-01  0.21896E+03  0.22202E+05  0.87132E-03  0.13024E-02
     23414  0.56562E-01     2     5     9    14    31  0.22000E-01 -0.38000E-01 -0.17000E+00  0.61857E-01  0.68279E-01  0.50604E+03  0.21244E+00  0.00000E+00  0.00000E+00  0.12158E-03  0.30456E-01  0.19976E+03  0.31868E+05  0.12279E-02  0.13024E-02
     24152  0.57790E-01     2    11     9     5    30  0.22000E-01  0.60000E-02 -0.34000E-01  0.11237E+01  0.15820E+01  0.85086E+02  0.21198E+00  0.64434E-02  0.00000E+00  0.20450E-03  0.20000E-01  0.13106E+04  0.76678E+04  0.39418E-03  0.13024E-02
     24456  0.58184E-01     2    11    13     6    11  0.38000E-01  0.10000E-01 -0.11000E+00  0.29733E+00  0.27054E+00  0.22593E+03  0.21258E+00  0.00000E+00  0.00000E+00  0.84569E-04  0.20000E-01  0.22413E+03  0.18069E+05  0.54314E-04  0.13024E-02
     24576  0.58239E-01     2    18    23    17     8 -0.20000E-02  0.54000E-01  0.15800E+00  0.21427E+00  0.21398E+00  0.26115E+03  0.21269E+00  0.00000E+00  0.00000E+00  0.82564E-04  0.20760E-01  0.19827E+03  0.22440E+05  0.12700E-02  0.13024E-02
     25416  0.59509E-01     2    15     4    16    31  0.20000E-02  0.50000E-01  0.11000E+00  0.20323E+00  0.24587E+00  0.23191E+03  0.21269E+00 -0.14901E-07  0.00000E+00  0.85159E-04  0.20443E-01  0.21753E+03  0.74536E+05  0.38393E-02  0.13024E-02
     25832  0.59940E-01     1     6    23     8    34 -0.20000E-02  0.18000E-01 -0.15800E+00  0.99617E-01  0.76038E-01  0.49739E+03  0.21264E+00  0.00000E+00  0.00000E+00  0.11705E-03  0.29358E-01  0.19925E+03  0.28703E+05  0.74504E-03  0.97677E-02
     26291  0.60685E-01     1    15    11    23     9  0.30000E-01  0.78000E-01  0.22000E-01  0.17815E+01  0.38915E+01  0.30644E+02  0.21239E+00  0.30320E-02  0.00000E+00  0.32074E-03  0.20000E-01  0.32240E+04  0.10047E+05  0.13900E-01  0.97677E-02
     28016  0.63350E-01     2     9    22    10    32  0.74000E-01 -0.54000E-01 -0.26000E-01  0.57562E+00  0.39177E+00  0.14583E+03  0.15633E+00  0.00000E+00  0.00000E+00  0.10177E-03  0.20000E-01  0.32457E+03  0.96585E+04  0.51856E-03  0.13024E-02
     28419  0.63869E-01     2     9    13    16    17  0.38000E-01 -0.30000E-01 -0.86000E-01  0.23592E+00  0.23868E+00  0.29312E+03  0.21238E+00  0.00000E+00  0.00000E+00  0.83643E-04  0.20417E-01  0.21038E+03  0.21709E+05  0.91357E-03  0.13024E-02
     29088  0.64783E-01     2     9    15    14    22  0.46000E-01 -0.38000E-01 -0.66000E-01  0.75263E-01  0.16127E+00  0.28804E+03  0.20938E+00  0.00000E+00  0.00000E+00  0.93020E-04  0.23041E-01  0.20430E+03  0.23115E+06  0.10645E-02  0.13024E-02
     29876  0.65849E-01     2    13    14     8     9  0.42000E-01 -0.62000E-01  0.22000E-01  0.61042E+00  0.20057E+01  0.12614E+03  0.21078E+00  0.46033E-02  0.00000E+00  0.23027E-03  0.20000E-01  0.16617E+04  0.11201E+05  0.27728E-03  0.13024E-02
     30162  0.66128E-01     2    15    21     9     7  0.70000E-01  0.22000E-01  0.14000E-01  0.29515E+01  0.32632E+01  0.16059E+02  0.16241E+00  0.19848E-02  0.00000E+00  0.29371E-03  0.20000E-01  0.27035E+04  0.73761E+04  0.33520E-02  0.13024E-02
     32172  0.69482E-01     2     4    22    11    36 -0.60000E-02 -0.50000E-01 -0.15000E+00  0.43154E-01  0.52763E-01  0.83167E+03  0.21232E+00  0.00000E+00  0.00000E+00  0.13323E-03  0.33263E-01  0.20109E+03  0.43833E+05  0.58148E-03  0.13024E-02
     32536  0.70065E-01     2     8    18    11    35 -0.22000E-01 -0.50000E-01 -0.14000E-01  0.81720E+01  0.76064E+01  0.35335E+01  0.21221E+00  0.13853E-02  0.00000E+00  0.44842E-03  0.20000E-01  0.63017E+04  0.51583E+04  0.24257E-03  0.13024E-02
     32775  0.70308E-01     2     9    18     6    36  0.58000E-01 -0.70000E-01 -0.10000E-01  0.58513E+00  0.16613E+01  0.53311E+02  0.19996E+00  0.62893E-02  0.00000E+00  0.20957E-03  0.20000E-01  0.13763E+04  0.22102E+05  0.98149E-03  0.13024E-02
     33504  0.71291E-01     2    14    16     9    17 -0.30000E-01  0.22000E-01  0.54000E-01  0.58728E+00  0.56584E+00  0.17899E+03  0.21265E+00  0.00000E+00  0.00000E+00  0.12231E-03  0.20000E-01  0.46878E+03  0.92123E+04  0.47867E-03  0.13024E-02
     33859  0.71771E-01     2    11    14     6    26  0.42000E-01  0.10000E-01 -0.50000E-01  0.27917E+00  0.27657E+00  0.23974E+03  0.21195E+00  0.00000E+00  0.00000E+00  0.85507E-04  0.20000E-01  0.22913E+03  0.19745E+05  0.64324E-03  0.13024E-02
     34379  0.72415E-01     2    10    16    13    12 -0.30000E-01  0.38000E-01 -0.10600E+00  0.56648E-01  0.71776E-01  0.34571E+03  0.21062E+00  0.00000E+00  0.00000E+00  0.12246E-03  0.30241E-01  0.20557E+03  0.28692E+05  0.33972E-03  0.13024E-02
     34605  0.72756E-01     2    12     6     5     6 -0.70000E-01 -0.74000E-01  0.10000E-01  0.33289E+01  0.43105E+01  0.13088E+02  0.16142E+00  0.18666E-02  0.00000E+00  0.33757E-03  0.20000E-01  0.35711E+04  0.54715E+04  0.58669E-03  0.13024E-02
     35000  0.73342E-01     2    14    20    13     4 -0.14000E-01  0.38000E-01  0.20000E-02  0.12487E+02  0.95247E+01  0.28168E+01  0.21171E+00  0.55435E-03  0.00000E+00  0.50179E-03  0.20000E-01  0.78910E+04  0.41246E+04  0.83955E-03  0.13024E-02
     35579  0.74182E-01     2    14    11    14    10 -0.50000E-01  0.42000E-01  0.26000E-01  0.69102E+01  0.42143E+01  0.41978E+01  0.20694E+00  0.82515E-03  0.00000E+00  0.33378E-03  0.20000E-01  0.34915E+04  0.54994E+04  0.50837E-02  0.13024E-02
     35860  0.74586E-01     1    20     4    18    16 -0.78000E-01 -0.22000E-01  0.33000E+00  0.70788E-02  0.38205E-02  0.55633E+03  0.86237E-01 -0.14901E-07  0.00000E+00  0.31998E-03  0.79839E-01  0.20135E+03  0.12366E+05  0.34195E-01  0.97677E-02
     38546  0.79268E-01     2    14     7    19    35 -0.66000E-01  0.62000E-01  0.12600E+00  0.88200E-01  0.88671E-01  0.44325E+03  0.16174E+00  0.00000E+00  0.00000E+00  0.11247E-03  0.28018E-01  0.20198E+03  0.38669E+05  0.14020E-03  0.13024E-02
     38719  0.79409E-01     2    13    10     4    13  0.26000E-01 -0.78000E-01  0.38000E-01  0.51081E+00  0.72595E+00  0.16485E+03  0.21268E+00  0.00000E+00  0.00000E+00  0.13853E-03  0.20000E-01  0.60143E+03  0.10551E+05  0.19944E-02  0.13024E-02
     39967  0.81403E-01     2    10    19     6    38 -0.18000E-01  0.10000E-01 -0.20000E-02  0.65595E+01  0.48101E+01  0.39708E+01  0.21252E+00  0.25788E-02  0.00000E+00  0.35660E-03  0.20000E-01  0.39851E+04  0.46840E+04  0.33577E-03  0.13024E-02
     40196  0.81740E-01     2    14    18    14    26 -0.22000E-01  0.42000E-01  0.90000E-01  0.30753E+00  0.27361E+00  0.18794E+03  0.21269E+00  0.00000E+00  0.00000E+00  0.85048E-04  0.20000E-01  0.22668E+03  0.25413E+05  0.10112E-02  0.13024E-02
     40935  0.82753E-01     2    12     8     9    14 -0.62000E-01 -0.58000E-01  0.42000E-01  0.80835E+01  0.53733E+01  0.35323E+01  0.21231E+00  0.21220E-02  0.00000E+00  0.37689E-03  0.20000E-01  0.44516E+04  0.59098E+04  0.10093E-02  0.13024E-02
     41566  0.83763E-01     2     8    21    19    21 -0.10000E-01 -0.18000E-01 -0.70000E-01  0.26147E+00  0.24964E+00  0.22048E+03  0.21269E+00  0.00000E+00  0.00000E+00  0.81238E-04  0.20000E-01  0.20683E+03  0.21437E+05  0.59210E-02  0.13024E-02
     45080  0.89685E-01     2     6    14    12    22 -0.38000E-01  0.34000E-01 -0.20600E+00  0.20970E-01  0.32049E-01  0.10481E+04  0.21027E+00  0.00000E+00  0.00000E+00  0.15668E-03  0.39213E-01  0.20013E+03  0.12161E+06  0.13339E-02  0.13024E-02
     46304  0.91020E-01     2    11    19    19    33  0.62000E-01  0.62000E-01 -0.22000E-01  0.55646E+01  0.49721E+01  0.51006E+01  0.21129E+00  0.14421E-02  0.00000E+00  0.36255E-03  0.20000E-01  0.41193E+04  0.78099E+04  0.43707E-02  0.13024E-02
     48910  0.95391E-01     2    10     8    16     7 -0.62000E-01  0.50000E-01 -0.12600E+00  0.12817E+00  0.13439E+00  0.27479E+03  0.20883E+00  0.00000E+00  0.00000E+00  0.10102E-03  0.24699E-01  0.20970E+03  0.23105E+05  0.91776E-03  0.13024E-02
     49514  0.96310E-01     2     8     6    20    37 -0.70000E-01 -0.14000E-01 -0.60001E-02  0.10723E+02  0.85728E+01  0.30668E+01  0.20271E+00  0.90758E-03  0.00000E+00  0.47607E-03  0.20000E-01  0.71025E+04  0.20573E+04  0.14575E-02  0.13024E-02
     50380  0.97768E-01     2    15    13    15    11  0.38000E-01  0.46000E-01  0.30000E-01  0.20997E+00  0.44663E+00  0.22919E+03  0.21259E+00  0.00000E+00  0.00000E+00  0.10947E-03  0.20060E-01  0.37333E+03  0.25271E+05  0.22593E-02  0.13024E-02
