3.83563700721906e-26    11151.225071993838
4.01827285568969e-26    10998.706507578721
4.2112554516464254e-26    10847.784599807861
4.415211294693269e-26    10698.546795209915
4.630801606846364e-26    10551.082838046397
4.8587233123706796e-26    10405.484706200758
5.0997098819313173e-26    10261.84648623728
5.354532011196088e-26    10120.264188398369
5.623998101872919e-26    9980.8355023501
5.90895451138449e-26    9843.659494649193
6.210285536104832e-26    9708.836249186923
6.52891309247183e-26    9576.466452269222
6.865796060500193e-26    9446.650924506988
7.221929255430478e-26    9319.490102311065
7.598341995612792e-26    9195.083472497057
7.996096238399761e-26    9073.528964290403
8.416284260919614e-26    8954.922303864338
8.860025869210434e-26    8839.356337415134
9.328465127324192e-26    8726.92032966109
9.822766607624977e-26    8617.699245508553
1.0344111174445458e-25    8511.773023436228
1.0893691325322612e-25    8409.215849872257
1.147270612683349e-25    8310.09544444784
1.208235579518188e-25    8214.4723664746
1.2723835984564745e-25    8122.399353282002
1.339833185838496e-25    8033.920701139919
1.4107012028849357e-25    7949.0716993577735
1.4851022458746103e-25    7867.878127780591
1.5631480424504871e-25    7790.35582728283
1.6449468641469368e-25    7716.510351992131
1.7306029650124094e-25    7646.336710863508
1.8202160555588427e-25    7579.819204884246
1.9138808201893787e-25    7516.931364647138
2.0116864847627944e-25    7457.635991315798
2.1137164390851643e-25    7401.885302164516
2.220047916951086e-25    7349.621179953502
2.3307517339729783e-25    7300.775523453624
2.445892080951387e-25    7255.270694522452
2.56552636806187e-25    7213.02005531291
2.689705112790976e-25    7173.928587528661
2.818471862449181e-25    7137.893584177904
2.9518631403281674e-25    7104.805403070249
3.0899084032219807e-25    7074.5482703855805
3.232629997155093e-25    7047.001122047246
3.380043097770337e-25    7022.038470367022
3.5321556219293374e-25    6999.531283497047
3.6889680976289897e-25    6979.347865606497
3.850473480297453e-25    6961.354726374325
4.016656904827991e-25    6945.417429311857
4.187495364274606e-25    6931.401409553522
4.362957307883708e-25    6919.172753027926
4.543002153013029e-25    6908.598930285654
4.727579707417403e-25    6899.549479662311
4.916629500325935e-25    6891.896635839442
5.110080022648652e-25    6885.515901189063
5.307847878525423e-25    6880.286558508172
5.509836852247933e-25    6876.092124841087
5.715936896362616e-25    6872.820747027351
5.926023048502086e-25    6870.3655403926805
6.139954286223969e-25    6868.624872616658
6.357572330870386e-25    6867.502595268867
6.578700413228724e-25    6866.908225816518
6.803142015580917e-25    6866.757083086898
7.030679606595196e-25    6866.970379234154
7.261073387429011e-25    6867.475271234607
7.494060069380106e-25    6868.204874833963
7.729351705409569e-25    6869.0982437181965
7.966634599843923e-25    6870.100316489844
8.20556832248932e-25    6871.16183382367
8.445784855203368e-25    6872.239227962169
8.686887900595996e-25    6873.294486503614
8.928452383884324e-25    6874.294992244188
9.170024179913843e-25    6875.213340667997
9.411120097874689e-25    6876.027136539248
9.651228156176789e-25    6876.718770945366
9.889808179190606e-25    6877.275180068053
1.0126292745999669e-24    6877.687586924456
1.0360088518844985e-24    6877.951227320754
1.0590577975480939e-24    6878.065061295078
1.0817121565138962e-24    6878.03147139358
1.1039060302165997e-24    6877.855949218203
1.1255718804667891e-24    6877.5467718055315
1.1466408777668942e-24    6877.11466953592
1.1670432931495308e-24    6876.572487428343
1.1867089316416773e-24    6875.9348418399295
1.205567604425195e-24    6875.217774757829
1.2235496356876684e-24    6874.43840803404
1.2405863990694054e-24    6873.61460006778
1.2566108775450026e-24    6872.764607575656
1.2715582395706607e-24    6871.9067552019
1.2853664234197855e-24    6871.059115802236
1.2979767208617122e-24    6870.239204279759
1.3093343507484513e-24    6869.463687854934
1.3193890127002286e-24    6868.748115608891
1.3280954109492621e-24    6868.106670049098
1.3354137385375825e-24    6867.551943305288
1.341310112478307e-24    6867.094740372324
1.3457569511849616e-24    6866.74391157787
1.3487332864375756e-24    6866.506216167129
1.350225003367205e-24    6866.386218572011
1.350225003367205e-24    6866.386218572011
1.3487332864375756e-24    6866.506216167129
1.3457569511849616e-24    6866.74391157787
1.341310112478307e-24    6867.094740372324
1.3354137385375825e-24    6867.551943305288
1.3280954109492621e-24    6868.106670049098
1.3193890127002286e-24    6868.748115608891
1.3093343507484513e-24    6869.463687854934
1.2979767208617122e-24    6870.239204279759
1.2853664234197855e-24    6871.059115802236
1.2715582395706607e-24    6871.9067552019
1.2566108775450026e-24    6872.764607575656
1.2405863990694054e-24    6873.61460006778
1.2235496356876684e-24    6874.43840803404
1.205567604425195e-24    6875.217774757829
1.1867089316416773e-24    6875.9348418399295
1.1670432931495308e-24    6876.572487428343
1.1466408777668942e-24    6877.11466953592
1.1255718804667891e-24    6877.5467718055315
1.1039060302165997e-24    6877.855949218203
1.0817121565138962e-24    6878.03147139358
1.0590577975480939e-24    6878.065061295078
1.0360088518844985e-24    6877.951227320754
1.0126292745999669e-24    6877.687586924456
9.889808179190606e-25    6877.275180068053
9.651228156176789e-25    6876.718770945366
9.411120097874689e-25    6876.027136539248
9.170024179913843e-25    6875.213340667997
8.928452383884324e-25    6874.294992244188
8.686887900595996e-25    6873.294486503614
8.445784855203368e-25    6872.239227962169
8.20556832248932e-25    6871.16183382367
7.966634599843923e-25    6870.100316489844
7.729351705409569e-25    6869.0982437181965
7.494060069380106e-25    6868.204874833963
7.261073387429011e-25    6867.475271234607
7.030679606595196e-25    6866.970379234154
6.803142015580917e-25    6866.757083086898
6.578700413228724e-25    6866.908225816518
6.357572330870386e-25    6867.502595268867
6.139954286223969e-25    6868.624872616658
5.926023048502086e-25    6870.3655403926805
5.715936896362616e-25    6872.820747027351
5.509836852247933e-25    6876.092124841087
5.307847878525423e-25    6880.286558508172
5.110080022648652e-25    6885.515901189063
4.916629500325935e-25    6891.896635839442
4.727579707417403e-25    6899.549479662311
4.543002153013029e-25    6908.598930285654
4.362957307883708e-25    6919.172753027926
4.187495364274606e-25    6931.401409553522
4.016656904827991e-25    6945.417429311857
3.850473480297453e-25    6961.354726374325
3.6889680976289897e-25    6979.347865606497
3.5321556219293374e-25    6999.531283497047
3.380043097770337e-25    7022.038470367022
3.232629997155093e-25    7047.001122047246
3.0899084032219807e-25    7074.5482703855805
2.9518631403281674e-25    7104.805403070249
2.818471862449181e-25    7137.893584177904
2.689705112790976e-25    7173.928587528661
2.56552636806187e-25    7213.02005531291
2.445892080951387e-25    7255.270694522452
2.3307517339729783e-25    7300.775523453624
2.220047916951086e-25    7349.621179953502
2.1137164390851643e-25    7401.885302164516
2.0116864847627944e-25    7457.635991315798
1.9138808201893787e-25    7516.931364647138
1.8202160555588427e-25    7579.819204884246
1.7306029650124094e-25    7646.336710863508
1.6449468641469368e-25    7716.510351992131
1.5631480424504871e-25    7790.35582728283
1.4851022458746103e-25    7867.878127780591
1.4107012028849357e-25    7949.0716993577735
1.339833185838496e-25    8033.920701139919
1.2723835984564745e-25    8122.399353282002
1.208235579518188e-25    8214.4723664746
1.147270612683349e-25    8310.09544444784
1.0893691325322612e-25    8409.215849872257
1.0344111174445458e-25    8511.773023436228
9.822766607624977e-26    8617.699245508553
9.328465127324192e-26    8726.92032966109
8.860025869210434e-26    8839.356337415134
8.416284260919614e-26    8954.922303864338
7.996096238399761e-26    9073.528964290403
7.598341995612792e-26    9195.083472497057
7.221929255430478e-26    9319.490102311065
6.865796060500193e-26    9446.650924506988
6.52891309247183e-26    9576.466452269222
6.210285536104832e-26    9708.836249186923
5.90895451138449e-26    9843.659494649193
5.623998101872919e-26    9980.8355023501
5.354532011196088e-26    10120.264188398369
5.0997098819313173e-26    10261.84648623728
4.8587233123706796e-26    10405.484706200758
4.630801606846364e-26    10551.082838046397
4.415211294693269e-26    10698.546795209915
4.2112554516464254e-26    10847.784599807861
4.01827285568969e-26    10998.706507578721
3.83563700721906e-26    11151.225071993838
