#---it------------t------------------dt---------------urms---------------umax--------------ekintot--------------ethtot---------------rhom------------------ssm----------------TTmin---------------TTmax-----------------TTm----------------dtc--------------dtu-------------dtnu-------------dtchi------
      0  0.0000000000000E+00 2.02555677068E-05 0.000000000000E+00 0.000000000000E+00  0.000000000000E+00  3.322570350062E+01  1.4938872882309E-01  1.7069601426060E+03  2.000000000000E-01  2.000000000000E-01  2.0000000000000E-01  0.3827489125222  0.0000000000000  0.0237001206323  0.0395002010539
    100  2.5754827582701E-03 2.44890561043E-05 6.629624461689E+00 1.049418433060E+01  2.206307709380E+00  7.342448768636E+01  1.4956830325727E-01  1.9952956259530E+03  2.151682242855E-01  7.091924546797E-01  6.5648322894687E-01  0.8071440931274  0.2190862501867  0.3774674273703  0.6291123789505
    200  4.7049015690271E-03 1.91264272437E-05 1.195812924638E+01 1.896277378049E+01  6.826913750178E+00  9.575834735125E+01  1.4995856963123E-01  2.0986645773099E+03  2.009839960857E-01  1.131898035271E+00  1.0055058195461E+00  0.7433363485741  0.3091933213755  0.3297220131759  0.5495366886266
    300  6.5000558400693E-03 1.69709236142E-05 1.638284318773E+01 2.597052160725E+01  1.245385847011E+01  1.060599260990E+02  1.5043146073120E-01  2.1551334040808E+03  1.797491491272E-01  1.489367909277E+00  1.2654099514173E+00  0.6955495491133  0.3757340370004  0.3753079881535  0.6255133135892
    400  8.1259104311731E-03 1.56060584604E-05 2.036180982590E+01 3.223611218174E+01  1.878845893558E+01  1.105988124205E+02  1.5096336670758E-01  2.1934797526443E+03  1.555477369384E-01  1.802028279383E+00  1.4729373142044E+00  0.6548406524028  0.4288745501868  0.4382837628182  0.7304729380304
    500  9.6326717187637E-03 1.45540509130E-05 2.404553690452E+01 3.798182298345E+01  2.555752601368E+01  1.119251384078E+02  1.5153829404990E-01  2.2189386400361E+03  1.309030613538E-01  2.010473669930E+00  1.6138104283863E+00  0.6196123837706  0.4712529511135  0.5195879375315  0.8659798958858
    600  1.1041188284273E-02 1.34200130881E-05 2.750943076980E+01 4.331481659562E+01  3.251122271792E+01  1.112034117878E+02  1.5214216033852E-01  2.2351458895615E+03  1.067219912360E-01  2.111852490897E+00  1.6879917688919E+00  0.5780001047306  0.4955458082943  0.5849956094199  0.9749926823665
    700  1.2290818746233E-02 1.17098107420E-05 3.061445030373E+01 4.803079720155E+01  3.905098986670E+01  1.094866788750E+02  1.5272762085697E-01  2.2469643016326E+03  8.665358560947E-02  2.166786868296E+00  1.7284237104865E+00  0.5094375293335  0.4794728921256  0.5902070463646  0.9836784106077
    800  1.3404170069395E-02 1.03056894130E-05 3.341348768192E+01 5.222424636794E+01  4.506456885779E+01  1.074351391146E+02  1.5328540062185E-01  2.2569740853263E+03  7.102765995312E-02  2.202921557270E+00  1.7549048670538E+00  0.4524867296430  0.4588213506167  0.5733767106181  0.9556278510302
    900  1.4275307619392E-02 7.42483161587E-06 3.562811736079E+01 5.550147545518E+01  4.983361168453E+01  1.056312105084E+02  1.5374359267952E-01  2.2648791800884E+03  6.030943232767E-02  2.226364375661E+00  1.7723324068009E+00  0.3284311615648  0.3513059660080  0.4369228135092  0.7282046891820
