4.000 0.0023 1.000 1.099 -25.65 -23.06 -11.82 11.20 1.532 2.386 8.012 2.166
4.050 0.0142 1.000 1.099 -24.27 -22.46 -11.76 10.65 1.737 2.386 8.533 2.143
4.100 0.0704 1.000 1.099 -23.28 -22.17 -11.69 10.41 2.048 2.386 9.264 2.040
4.150 0.2534 1.000 1.099 -22.47 -21.92 -11.58 10.21 2.657 2.386 10.55 1.764
4.200 0.5678 1.000 1.099 -21.99 -21.79 -11.44 10.13 3.674 2.387 12.41 1.431
4.250 0.8177 1.000 1.099 -21.84 -21.80 -11.33 10.19 4.740 2.387 14.09 1.245
4.300 0.9324 1.000 1.099 -21.85 -21.86 -11.25 10.30 5.637 2.387 15.37 1.175
4.350 0.9780 1.000 1.099 -21.87 -21.90 -11.19 10.39 6.467 2.387 16.46 1.149
4.400 1.004 1.000 1.099 -21.84 -21.88 -11.14 10.42 7.347 2.387 17.54 1.135
4.450 1.035 1.000 1.099 -21.77 -21.82 -11.08 10.41 8.366 2.387 18.72 1.118
4.500 1.067 1.000 1.099 -21.66 -21.73 -11.02 10.37 9.528 2.387 19.98 1.102
4.550 1.086 1.000 1.099 -21.56 -21.63 -10.97 10.32 10.78 2.387 21.25 1.092
4.600 1.094 1.000 1.099 -21.45 -21.53 -10.92 10.27 12.14 2.387 22.56 1.088
4.650 1.098 1.000 1.099 -21.34 -21.42 -10.87 10.21 13.65 2.387 23.91 1.087
4.700 1.100 1.000 1.099 -21.24 -21.32 -10.82 10.16 15.32 2.387 25.34 1.086
4.750 1.102 1.000 1.099 -21.14 -21.22 -10.77 10.11 17.22 2.387 26.86 1.084
4.800 1.110 1.000 1.099 -21.05 -21.14 -10.72 10.08 19.38 2.387 28.50 1.080
4.850 1.128 1.000 1.099 -20.97 -21.07 -10.66 10.06 21.92 2.387 30.31 1.072
4.900 1.154 1.000 1.099 -20.91 -21.01 -10.61 10.05 24.89 2.387 32.29 1.059
4.950 1.176 1.000 1.099 -20.87 -20.98 -10.55 10.07 28.19 2.387 34.37 1.049
5.000 1.188 1.000 1.099 -20.87 -20.99 -10.50 10.13 31.81 2.387 36.50 1.043
5.050 1.195 1.000 1.099 -20.90 -21.02 -10.45 10.21 35.79 2.387 38.72 1.041
5.100 1.198 1.000 1.099 -20.91 -21.03 -10.40 10.27 40.21 2.387 41.04 1.039
5.150 1.199 1.000 1.099 -20.89 -21.01 -10.35 10.30 45.14 2.387 43.49 1.039
5.200 1.200 1.000 1.099 -20.86 -20.98 -10.30 10.32 50.67 2.387 46.07 1.038
5.250 1.201 1.000 1.099 -20.85 -20.97 -10.25 10.36 56.87 2.387 48.81 1.038
5.300 1.201 1.000 1.099 -20.84 -20.96 -10.20 10.40 63.82 2.387 51.71 1.038
5.350 1.201 1.000 1.099 -20.84 -20.96 -10.15 10.45 71.62 2.387 54.78 1.038
5.400 1.202 1.000 1.099 -20.87 -20.99 -10.10 10.53 80.38 2.387 58.03 1.037
5.450 1.203 1.000 1.099 -21.01 -21.13 -10.05 10.72 90.22 2.387 61.48 1.037
5.500 1.203 1.000 1.099 -21.23 -21.35 -10.00 10.99 101.2 2.387 65.13 1.037
5.550 1.204 1.000 1.099 -21.43 -21.55 -9.95 11.24 113.6 2.387 68.99 1.037
5.600 1.204 1.000 1.099 -21.54 -21.66 -9.90 11.40 127.5 2.387 73.08 1.036
5.650 1.204 1.000 1.099 -21.58 -21.71 -9.85 11.50 143.1 2.387 77.41 1.036
5.700 1.204 1.000 1.099 -21.59 -21.71 -9.80 11.55 160.5 2.387 82.00 1.036
5.750 1.204 1.000 1.099 -21.59 -21.71 -9.75 11.60 180.1 2.387 86.87 1.036
5.800 1.204 1.000 1.099 -21.64 -21.76 -9.70 11.70 202.1 2.387 92.02 1.036
5.850 1.205 1.000 1.099 -21.74 -21.86 -9.65 11.85 226.8 2.387 97.47 1.036
5.900 1.205 1.000 1.099 -21.81 -21.93 -9.60 11.97 254.5 2.387 103.3 1.036
5.950 1.205 1.000 1.099 -21.83 -21.95 -9.55 12.04 285.6 2.387 109.4 1.036
6.000 1.205 1.000 1.099 -21.84 -21.96 -9.50 12.10 320.4 2.387 115.9 1.036
6.050 1.205 1.000 1.099 -21.84 -21.96 -9.45 12.15 359.6 2.387 122.7 1.036
6.100 1.206 1.000 1.099 -21.83 -21.96 -9.40 12.20 403.5 2.387 130.0 1.036
6.150 1.206 1.000 1.099 -21.82 -21.95 -9.35 12.24 452.8 2.387 137.7 1.036
6.200 1.206 1.000 1.099 -21.82 -21.94 -9.30 12.28 508.1 2.387 145.9 1.035
6.250 1.206 1.000 1.099 -21.85 -21.97 -9.25 12.36 570.1 2.387 154.5 1.035
6.300 1.207 1.000 1.099 -21.95 -22.07 -9.20 12.51 639.8 2.387 163.7 1.035
6.350 1.207 1.000 1.099 -22.08 -22.20 -9.15 12.69 717.9 2.387 173.4 1.035
6.400 1.207 1.000 1.099 -22.19 -22.31 -9.10 12.85 805.6 2.387 183.7 1.035
6.450 1.208 1.000 1.099 -22.27 -22.39 -9.05 12.98 904.0 2.387 194.6 1.035
6.500 1.208 1.000 1.099 -22.32 -22.44 -9.00 13.08 1014.5 2.387 206.1 1.035
6.550 1.208 1.000 1.099 -22.35 -22.48 -8.95 13.17 1138.3 2.387 218.4 1.035
6.600 1.208 1.000 1.099 -22.38 -22.50 -8.90 13.24 1277.3 2.387 231.3 1.035
6.650 1.208 1.000 1.099 -22.41 -22.53 -8.85 13.32 1433.2 2.387 245.0 1.034
6.700 1.208 1.000 1.099 -22.44 -22.56 -8.80 13.40 1608.2 2.387 259.6 1.034
6.750 1.208 1.000 1.099 -22.46 -22.59 -8.75 13.48 1804.4 2.387 274.9 1.034
6.800 1.208 1.000 1.099 -22.48 -22.60 -8.70 13.54 2024.7 2.387 291.2 1.034
6.850 1.209 1.000 1.099 -22.48 -22.60 -8.65 13.59 2271.8 2.387 308.5 1.034
6.900 1.209 1.000 1.099 -22.46 -22.59 -8.60 13.63 2549.1 2.387 326.8 1.034
6.950 1.209 1.000 1.099 -22.45 -22.57 -8.55 13.66 2860.2 2.387 346.1 1.034
7.000 1.209 1.000 1.099 -22.45 -22.57 -8.50 13.71 3209.2 2.387 366.7 1.034
7.050 1.209 1.000 1.099 -22.46 -22.59 -8.45 13.78 3600.9 2.387 388.4 1.034
7.100 1.209 1.000 1.099 -22.49 -22.62 -8.40 13.86 4040.4 2.387 411.4 1.034
7.150 1.209 1.000 1.099 -22.53 -22.65 -8.35 13.94 4533.5 2.387 435.8 1.034
7.200 1.209 1.000 1.099 -22.56 -22.68 -8.30 14.02 5086.8 2.387 461.6 1.034
7.250 1.209 1.000 1.099 -22.58 -22.70 -8.25 14.09 5707.5 2.387 489.0 1.034
7.300 1.209 1.000 1.099 -22.60 -22.72 -8.20 14.16 6404.0 2.387 518.0 1.034
7.350 1.209 1.000 1.099 -22.61 -22.73 -8.15 14.22 7185.4 2.387 548.6 1.034
7.400 1.209 1.000 1.099 -22.61 -22.73 -8.10 14.27 8062.2 2.387 581.2 1.034
7.450 1.209 1.000 1.099 -22.61 -22.73 -8.05 14.32 9046.0 2.387 615.6 1.034
7.500 1.209 1.000 1.099 -22.60 -22.73 -8.00 14.37 10149.8 2.387 652.1 1.034
7.550 1.209 1.000 1.099 -22.60 -22.72 -7.95 14.41 11388.3 2.387 690.7 1.034
7.600 1.209 1.000 1.099 -22.59 -22.71 -7.90 14.45 12777.9 2.387 731.6 1.034
7.650 1.209 1.000 1.099 -22.57 -22.70 -7.85 14.49 14337.1 2.387 775.0 1.034
7.700 1.209 1.000 1.099 -22.56 -22.68 -7.80 14.52 16086.6 2.387 820.9 1.034
7.750 1.209 1.000 1.099 -22.54 -22.67 -7.75 14.56 18049.5 2.387 869.6 1.034
7.800 1.209 1.000 1.099 -22.53 -22.65 -7.70 14.59 20251.9 2.387 921.1 1.034
7.850 1.209 1.000 1.099 -22.51 -22.64 -7.65 14.63 22723.1 2.387 975.7 1.034
7.900 1.209 1.000 1.099 -22.49 -22.62 -7.60 14.66 25495.8 2.387 1033.5 1.034
7.950 1.209 1.000 1.099 -22.48 -22.60 -7.55 14.69 28606.9 2.387 1094.7 1.034
8.000 1.209 1.000 1.099 -22.46 -22.58 -7.50 14.72 32097.6 2.387 1159.6 1.034
8.050 1.209 1.000 1.099 -22.44 -22.56 -7.45 14.75 36014.2 2.387 1228.3 1.034
8.100 1.209 1.000 1.099 -22.42 -22.54 -7.40 14.78 40408.7 2.387 1301.1 1.034
8.150 1.209 1.000 1.099 -22.40 -22.53 -7.35 14.82 45339.4 2.387 1378.2 1.034
8.200 1.209 1.000 1.099 -22.38 -22.51 -7.30 14.85 50871.7 2.387 1459.8 1.034
8.250 1.209 1.000 1.099 -22.36 -22.49 -7.25 14.88 57079.1 2.387 1546.3 1.034
8.300 1.209 1.000 1.099 -22.34 -22.47 -7.20 14.91 64044.0 2.387 1638.0 1.034
8.350 1.209 1.000 1.099 -22.32 -22.45 -7.15 14.94 71858.6 2.387 1735.0 1.034
8.400 1.209 1.000 1.099 -22.30 -22.43 -7.10 14.97 80626.8 2.387 1837.8 1.034
8.450 1.209 1.000 1.099 -22.28 -22.40 -7.05 14.99 90464.8 2.387 1946.7 1.034
8.500 1.209 1.000 1.099 -22.26 -22.38 -7.00 15.02 101503.0 2.387 2062.1 1.034
